-2.000000 1.000000
-1.959596 1.126592
-1.919192 1.251148
-1.878788 1.371662
-1.838384 1.486197
-1.797980 1.592908
-1.757576 1.690079
-1.717172 1.776146
-1.676768 1.849725
-1.636364 1.909632
-1.595960 1.954902
-1.555556 1.984808
-1.515152 1.998867
-1.474747 1.996855
-1.434343 1.978802
-1.393939 1.945001
-1.353535 1.895994
-1.313131 1.832570
-1.272727 1.755750
-1.232323 1.666769
-1.191919 1.567060
-1.151515 1.458227
-1.111111 1.342020
-1.070707 1.220311
-1.030303 1.095056
-0.989899 0.968272
-0.949495 0.841999
-0.909091 0.718267
-0.868687 0.599069
-0.828283 0.486323
-0.787879 0.381841
-0.747475 0.287306
-0.707071 0.204238
-0.666667 0.133975
-0.626263 0.077646
-0.585859 0.036158
-0.545455 0.010179
-0.505051 0.000126
-0.464646 0.006162
-0.424242 0.028188
-0.383838 0.065852
-0.343434 0.118547
-0.303030 0.185424
-0.262626 0.265408
-0.222222 0.357212
-0.181818 0.459359
-0.141414 0.570205
-0.101010 0.687967
-0.060606 0.810749
-0.020202 0.936576
0.020202 1.063424
0.060606 1.189251
0.101010 1.312033
0.141414 1.429795
0.181818 1.540641
0.222222 1.642788
0.262626 1.734592
0.303030 1.814576
0.343434 1.881453
0.383838 1.934148
0.424242 1.971812
0.464646 1.993838
0.505051 1.999874
0.545455 1.989821
0.585859 1.963842
0.626263 1.922354
0.666667 1.866025
0.707071 1.795762
0.747475 1.712694
0.787879 1.618159
0.828283 1.513677
0.868687 1.400931
0.909091 1.281733
0.949495 1.158001
0.989899 1.031728
1.030303 0.904944
1.070707 0.779689
1.111111 0.657980
1.151515 0.541773
1.191919 0.432940
1.232323 0.333231
1.272727 0.244250
1.313131 0.167430
1.353535 0.104006
1.393939 0.054999
1.434343 0.021198
1.474747 0.003145
1.515152 0.001133
1.555556 0.015192
1.595960 0.045098
1.636364 0.090368
1.676768 0.150275
1.717172 0.223854
1.757576 0.309921
1.797980 0.407092
1.838384 0.513803
1.878788 0.628338
1.919192 0.748852
1.959596 0.873408
2.000000 1.000000
