-2.000000 1.000000
-1.959596 0.936576
-1.919192 0.873408
-1.878788 0.810749
-1.838384 0.748852
-1.797980 0.687967
-1.757576 0.628338
-1.717172 0.570205
-1.676768 0.513803
-1.636364 0.459359
-1.595960 0.407092
-1.555556 0.357212
-1.515152 0.309921
-1.474747 0.265408
-1.434343 0.223854
-1.393939 0.185424
-1.353535 0.150275
-1.313131 0.118547
-1.272727 0.090368
-1.232323 0.065852
-1.191919 0.045098
-1.151515 0.028188
-1.111111 0.015192
-1.070707 0.006162
-1.030303 0.001133
-0.989899 0.000126
-0.949495 0.003145
-0.909091 0.010179
-0.868687 0.021198
-0.828283 0.036158
-0.787879 0.054999
-0.747475 0.077646
-0.707071 0.104006
-0.666667 0.133975
-0.626263 0.167430
-0.585859 0.204238
-0.545455 0.244250
-0.505051 0.287306
-0.464646 0.333231
-0.424242 0.381841
-0.383838 0.432940
-0.343434 0.486323
-0.303030 0.541773
-0.262626 0.599069
-0.222222 0.657980
-0.181818 0.718267
-0.141414 0.779689
-0.101010 0.841999
-0.060606 0.904944
-0.020202 0.968272
0.020202 1.031728
0.060606 1.095056
0.101010 1.158001
0.141414 1.220311
0.181818 1.281733
0.222222 1.342020
0.262626 1.400931
0.303030 1.458227
0.343434 1.513677
0.383838 1.567060
0.424242 1.618159
0.464646 1.666769
0.505051 1.712694
0.545455 1.755750
0.585859 1.795762
0.626263 1.832570
0.666667 1.866025
0.707071 1.895994
0.747475 1.922354
0.787879 1.945001
0.828283 1.963842
0.868687 1.978802
0.909091 1.989821
0.949495 1.996855
0.989899 1.999874
1.030303 1.998867
1.070707 1.993838
1.111111 1.984808
1.151515 1.971812
1.191919 1.954902
1.232323 1.934148
1.272727 1.909632
1.313131 1.881453
1.353535 1.849725
1.393939 1.814576
1.434343 1.776146
1.474747 1.734592
1.515152 1.690079
1.555556 1.642788
1.595960 1.592908
1.636364 1.540641
1.676768 1.486197
1.717172 1.429795
1.757576 1.371662
1.797980 1.312033
1.838384 1.251148
1.878788 1.189251
1.919192 1.126592
1.959596 1.063424
2.000000 1.000000
