-2.000000 0.000000
-1.995996 0.000124
-1.991992 0.000494
-1.987988 0.001112
-1.983984 0.001977
-1.979980 0.003089
-1.975976 0.004447
-1.971972 0.006051
-1.967968 0.007901
-1.963964 0.009996
-1.959960 0.012336
-1.955956 0.014920
-1.951952 0.017748
-1.947948 0.020819
-1.943944 0.024131
-1.939940 0.027685
-1.935936 0.031479
-1.931932 0.035513
-1.927928 0.039785
-1.923924 0.044295
-1.919920 0.049041
-1.915916 0.054022
-1.911912 0.059236
-1.907908 0.064684
-1.903904 0.070362
-1.899900 0.076271
-1.895896 0.082408
-1.891892 0.088772
-1.887888 0.095360
-1.883884 0.102173
-1.879880 0.109208
-1.875876 0.116463
-1.871872 0.123936
-1.867868 0.131626
-1.863864 0.139530
-1.859860 0.147648
-1.855856 0.155976
-1.851852 0.164512
-1.847848 0.173255
-1.843844 0.182203
-1.839840 0.191353
-1.835836 0.200703
-1.831832 0.210250
-1.827828 0.219993
-1.823824 0.229928
-1.819820 0.240054
-1.815816 0.250367
-1.811812 0.260866
-1.807808 0.271548
-1.803804 0.282410
-1.799800 0.293449
-1.795796 0.304663
-1.791792 0.316049
-1.787788 0.327604
-1.783784 0.339325
-1.779780 0.351210
-1.775776 0.363255
-1.771772 0.375457
-1.767768 0.387814
-1.763764 0.400322
-1.759760 0.412978
-1.755756 0.425780
-1.751752 0.438723
-1.747748 0.451805
-1.743744 0.465023
-1.739740 0.478373
-1.735736 0.491852
-1.731732 0.505457
-1.727728 0.519184
-1.723724 0.533029
-1.719720 0.546990
-1.715716 0.561064
-1.711712 0.575245
-1.707708 0.589532
-1.703704 0.603920
-1.699700 0.618406
-1.695696 0.632987
-1.691692 0.647658
-1.687688 0.662416
-1.683684 0.677258
-1.679680 0.692180
-1.675676 0.707177
-1.671672 0.722247
-1.667668 0.737386
-1.663664 0.752590
-1.659660 0.767854
-1.655656 0.783177
-1.651652 0.798552
-1.647648 0.813978
-1.643644 0.829450
-1.639640 0.844963
-1.635636 0.860515
-1.631632 0.876102
-1.627628 0.891719
-1.623624 0.907363
-1.619620 0.923030
-1.615616 0.938716
-1.611612 0.954417
-1.607608 0.970129
-1.603604 0.985849
-1.599600 1.001572
-1.595596 1.017295
-1.591592 1.033014
-1.587588 1.048724
-1.583584 1.064422
-1.579580 1.080105
-1.575576 1.095767
-1.571572 1.111406
-1.567568 1.127018
-1.563564 1.142598
-1.559560 1.158143
-1.555556 1.173648
-1.551552 1.189111
-1.547548 1.204527
-1.543544 1.219892
-1.539540 1.235203
-1.535536 1.250456
-1.531532 1.265647
-1.527528 1.280772
-1.523524 1.295828
-1.519520 1.310811
-1.515516 1.325717
-1.511512 1.340542
-1.507508 1.355283
-1.503504 1.369937
-1.499499 1.384499
-1.495495 1.398965
-1.491491 1.413334
-1.487487 1.427600
-1.483483 1.441760
-1.479479 1.455811
-1.475475 1.469749
-1.471471 1.483571
-1.467467 1.497274
-1.463463 1.510854
-1.459459 1.524307
-1.455455 1.537631
-1.451451 1.550822
-1.447447 1.563877
-1.443443 1.576792
-1.439439 1.589565
-1.435435 1.602192
-1.431431 1.614670
-1.427427 1.626996
-1.423423 1.639167
-1.419419 1.651180
-1.415415 1.663032
-1.411411 1.674720
-1.407407 1.686242
-1.403403 1.697593
-1.399399 1.708773
-1.395395 1.719777
-1.391391 1.730603
-1.387387 1.741248
-1.383383 1.751710
-1.379379 1.761987
-1.375375 1.772074
-1.371371 1.781972
-1.367367 1.791675
-1.363363 1.801183
-1.359359 1.810493
-1.355355 1.819603
-1.351351 1.828510
-1.347347 1.837212
-1.343343 1.845707
-1.339339 1.853993
-1.335335 1.862068
-1.331331 1.869930
-1.327327 1.877576
-1.323323 1.885006
-1.319319 1.892217
-1.315315 1.899207
-1.311311 1.905975
-1.307307 1.912519
-1.303303 1.918838
-1.299299 1.924929
-1.295295 1.930792
-1.291291 1.936424
-1.287287 1.941825
-1.283283 1.946993
-1.279279 1.951927
-1.275275 1.956626
-1.271271 1.961088
-1.267267 1.965313
-1.263263 1.969299
-1.259259 1.973045
-1.255255 1.976551
-1.251251 1.979815
-1.247247 1.982837
-1.243243 1.985616
-1.239239 1.988151
-1.235235 1.990442
-1.231231 1.992489
-1.227227 1.994289
-1.223223 1.995844
-1.219219 1.997153
-1.215215 1.998215
-1.211211 1.999031
-1.207207 1.999600
-1.203203 1.999921
-1.199199 1.999995
-1.195195 1.999822
-1.191191 1.999402
-1.187187 1.998734
-1.183183 1.997820
-1.179179 1.996659
-1.175175 1.995252
-1.171171 1.993599
-1.167167 1.991699
-1.163163 1.989555
-1.159159 1.987166
-1.155155 1.984533
-1.151151 1.981657
-1.147147 1.978538
-1.143143 1.975177
-1.139139 1.971575
-1.135135 1.967733
-1.131131 1.963651
-1.127127 1.959332
-1.123123 1.954775
-1.119119 1.949982
-1.115115 1.944954
-1.111111 1.939693
-1.107107 1.934199
-1.103103 1.928474
-1.099099 1.922520
-1.095095 1.916338
-1.091091 1.909929
-1.087087 1.903295
-1.083083 1.896438
-1.079079 1.889359
-1.075075 1.882060
-1.071071 1.874543
-1.067067 1.866811
-1.063063 1.858863
-1.059059 1.850704
-1.055055 1.842334
-1.051051 1.833756
-1.047047 1.824971
-1.043043 1.815983
-1.039039 1.806793
-1.035035 1.797404
-1.031031 1.787817
-1.027027 1.778036
-1.023023 1.768062
-1.019019 1.757898
-1.015015 1.747547
-1.011011 1.737012
-1.007007 1.726294
-1.003003 1.715396
-0.998999 1.704322
-0.994995 1.693073
-0.990991 1.681653
-0.986987 1.670065
-0.982983 1.658311
-0.978979 1.646394
-0.974975 1.634317
-0.970971 1.622084
-0.966967 1.609697
-0.962963 1.597159
-0.958959 1.584473
-0.954955 1.571643
-0.950951 1.558671
-0.946947 1.545562
-0.942943 1.532317
-0.938939 1.518941
-0.934935 1.505437
-0.930931 1.491808
-0.926927 1.478057
-0.922923 1.464188
-0.918919 1.450204
-0.914915 1.436109
-0.910911 1.421906
-0.906907 1.407598
-0.902903 1.393190
-0.898899 1.378685
-0.894895 1.364086
-0.890891 1.349397
-0.886887 1.334622
-0.882883 1.319764
-0.878879 1.304827
-0.874875 1.289814
-0.870871 1.274730
-0.866867 1.259578
-0.862863 1.244362
-0.858859 1.229086
-0.854855 1.213752
-0.850851 1.198366
-0.846847 1.182931
-0.842843 1.167451
-0.838839 1.151929
-0.834835 1.136370
-0.830831 1.120777
-0.826827 1.105154
-0.822823 1.089505
-0.818819 1.073834
-0.814815 1.058145
-0.810811 1.042441
-0.806807 1.026727
-0.802803 1.011006
-0.798799 0.995283
-0.794795 0.979561
-0.790791 0.963843
-0.786787 0.948135
-0.782783 0.932440
-0.778779 0.916761
-0.774775 0.901103
-0.770771 0.885469
-0.766767 0.869864
-0.762763 0.854290
-0.758759 0.838753
-0.754755 0.823256
-0.750751 0.807802
-0.746747 0.792396
-0.742743 0.777041
-0.738739 0.761741
-0.734735 0.746501
-0.730731 0.731322
-0.726727 0.716211
-0.722723 0.701169
-0.718719 0.686202
-0.714715 0.671312
-0.710711 0.656503
-0.706707 0.641779
-0.702703 0.627144
-0.698699 0.612600
-0.694695 0.598153
-0.690691 0.583805
-0.686687 0.569560
-0.682683 0.555421
-0.678679 0.541392
-0.674675 0.527477
-0.670671 0.513678
-0.666667 0.500000
-0.662663 0.486445
-0.658659 0.473017
-0.654655 0.459720
-0.650651 0.446556
-0.646647 0.433529
-0.642643 0.420642
-0.638639 0.407898
-0.634635 0.395301
-0.630631 0.382853
-0.626627 0.370557
-0.622623 0.358418
-0.618619 0.346437
-0.614615 0.334617
-0.610611 0.322962
-0.606607 0.311474
-0.602603 0.300157
-0.598599 0.289013
-0.594595 0.278044
-0.590591 0.267254
-0.586587 0.256645
-0.582583 0.246220
-0.578579 0.235981
-0.574575 0.225931
-0.570571 0.216072
-0.566567 0.206407
-0.562563 0.196939
-0.558559 0.187669
-0.554555 0.178600
-0.550551 0.169733
-0.546547 0.161073
-0.542543 0.152619
-0.538539 0.144375
-0.534535 0.136343
-0.530531 0.128524
-0.526527 0.120920
-0.522523 0.113534
-0.518519 0.106367
-0.514515 0.099421
-0.510511 0.092698
-0.506507 0.086199
-0.502503 0.079926
-0.498498 0.073880
-0.494494 0.068063
-0.490490 0.062477
-0.486486 0.057123
-0.482482 0.052001
-0.478478 0.047114
-0.474474 0.042463
-0.470470 0.038048
-0.466466 0.033871
-0.462462 0.029933
-0.458458 0.026235
-0.454454 0.022777
-0.450450 0.019561
-0.446446 0.016588
-0.442442 0.013858
-0.438438 0.011371
-0.434434 0.009129
-0.430430 0.007132
-0.426426 0.005380
-0.422422 0.003874
-0.418418 0.002615
-0.414414 0.001602
-0.410410 0.000836
-0.406406 0.000316
-0.402402 0.000045
-0.398398 0.000020
-0.394394 0.000242
-0.390390 0.000712
-0.386386 0.001429
-0.382382 0.002392
-0.378378 0.003603
-0.374374 0.005059
-0.370370 0.006762
-0.366366 0.008710
-0.362362 0.010903
-0.358358 0.013341
-0.354354 0.016022
-0.350350 0.018947
-0.346346 0.022115
-0.342342 0.025524
-0.338338 0.029174
-0.334334 0.033064
-0.330330 0.037193
-0.326326 0.041561
-0.322322 0.046165
-0.318318 0.051005
-0.314314 0.056080
-0.310310 0.061388
-0.306306 0.066928
-0.302302 0.072698
-0.298298 0.078698
-0.294294 0.084926
-0.290290 0.091380
-0.286286 0.098059
-0.282282 0.104960
-0.278278 0.112083
-0.274274 0.119426
-0.270270 0.126986
-0.266266 0.134762
-0.262262 0.142752
-0.258258 0.150954
-0.254254 0.159365
-0.250250 0.167985
-0.246246 0.176810
-0.242242 0.185839
-0.238238 0.195069
-0.234234 0.204498
-0.230230 0.214124
-0.226226 0.223944
-0.222222 0.233956
-0.218218 0.244157
-0.214214 0.254545
-0.210210 0.265117
-0.206206 0.275872
-0.202202 0.286805
-0.198198 0.297914
-0.194194 0.309197
-0.190190 0.320651
-0.186186 0.332273
-0.182182 0.344060
-0.178178 0.356009
-0.174174 0.368117
-0.170170 0.380381
-0.166166 0.392799
-0.162162 0.405367
-0.158158 0.418082
-0.154154 0.430940
-0.150150 0.443940
-0.146146 0.457076
-0.142142 0.470347
-0.138138 0.483749
-0.134134 0.497279
-0.130130 0.510933
-0.126126 0.524708
-0.122122 0.538600
-0.118118 0.552606
-0.114114 0.566723
-0.110110 0.580948
-0.106106 0.595275
-0.102102 0.609703
-0.098098 0.624227
-0.094094 0.638845
-0.090090 0.653551
-0.086086 0.668343
-0.082082 0.683217
-0.078078 0.698170
-0.074074 0.713197
-0.070070 0.728295
-0.066066 0.743460
-0.062062 0.758688
-0.058058 0.773977
-0.054054 0.789321
-0.050050 0.804717
-0.046046 0.820161
-0.042042 0.835650
-0.038038 0.851180
-0.034034 0.866746
-0.030030 0.882345
-0.026026 0.897974
-0.022022 0.913627
-0.018018 0.929302
-0.014014 0.944995
-0.010010 0.960701
-0.006006 0.976417
-0.002002 0.992138
0.002002 1.007862
0.006006 1.023583
0.010010 1.039299
0.014014 1.055005
0.018018 1.070698
0.022022 1.086373
0.026026 1.102026
0.030030 1.117655
0.034034 1.133254
0.038038 1.148820
0.042042 1.164350
0.046046 1.179839
0.050050 1.195283
0.054054 1.210679
0.058058 1.226023
0.062062 1.241312
0.066066 1.256540
0.070070 1.271705
0.074074 1.286803
0.078078 1.301830
0.082082 1.316783
0.086086 1.331657
0.090090 1.346449
0.094094 1.361155
0.098098 1.375773
0.102102 1.390297
0.106106 1.404725
0.110110 1.419052
0.114114 1.433277
0.118118 1.447394
0.122122 1.461400
0.126126 1.475292
0.130130 1.489067
0.134134 1.502721
0.138138 1.516251
0.142142 1.529653
0.146146 1.542924
0.150150 1.556060
0.154154 1.569060
0.158158 1.581918
0.162162 1.594633
0.166166 1.607201
0.170170 1.619619
0.174174 1.631883
0.178178 1.643991
0.182182 1.655940
0.186186 1.667727
0.190190 1.679349
0.194194 1.690803
0.198198 1.702086
0.202202 1.713195
0.206206 1.724128
0.210210 1.734883
0.214214 1.745455
0.218218 1.755843
0.222222 1.766044
0.226226 1.776056
0.230230 1.785876
0.234234 1.795502
0.238238 1.804931
0.242242 1.814161
0.246246 1.823190
0.250250 1.832015
0.254254 1.840635
0.258258 1.849046
0.262262 1.857248
0.266266 1.865238
0.270270 1.873014
0.274274 1.880574
0.278278 1.887917
0.282282 1.895040
0.286286 1.901941
0.290290 1.908620
0.294294 1.915074
0.298298 1.921302
0.302302 1.927302
0.306306 1.933072
0.310310 1.938612
0.314314 1.943920
0.318318 1.948995
0.322322 1.953835
0.326326 1.958439
0.330330 1.962807
0.334334 1.966936
0.338338 1.970826
0.342342 1.974476
0.346346 1.977885
0.350350 1.981053
0.354354 1.983978
0.358358 1.986659
0.362362 1.989097
0.366366 1.991290
0.370370 1.993238
0.374374 1.994941
0.378378 1.996397
0.382382 1.997608
0.386386 1.998571
0.390390 1.999288
0.394394 1.999758
0.398398 1.999980
0.402402 1.999955
0.406406 1.999684
0.410410 1.999164
0.414414 1.998398
0.418418 1.997385
0.422422 1.996126
0.426426 1.994620
0.430430 1.992868
0.434434 1.990871
0.438438 1.988629
0.442442 1.986142
0.446446 1.983412
0.450450 1.980439
0.454454 1.977223
0.458458 1.973765
0.462462 1.970067
0.466466 1.966129
0.470470 1.961952
0.474474 1.957537
0.478478 1.952886
0.482482 1.947999
0.486486 1.942877
0.490490 1.937523
0.494494 1.931937
0.498498 1.926120
0.502503 1.920074
0.506507 1.913801
0.510511 1.907302
0.514515 1.900579
0.518519 1.893633
0.522523 1.886466
0.526527 1.879080
0.530531 1.871476
0.534535 1.863657
0.538539 1.855625
0.542543 1.847381
0.546547 1.838927
0.550551 1.830267
0.554555 1.821400
0.558559 1.812331
0.562563 1.803061
0.566567 1.793593
0.570571 1.783928
0.574575 1.774069
0.578579 1.764019
0.582583 1.753780
0.586587 1.743355
0.590591 1.732746
0.594595 1.721956
0.598599 1.710987
0.602603 1.699843
0.606607 1.688526
0.610611 1.677038
0.614615 1.665383
0.618619 1.653563
0.622623 1.641582
0.626627 1.629443
0.630631 1.617147
0.634635 1.604699
0.638639 1.592102
0.642643 1.579358
0.646647 1.566471
0.650651 1.553444
0.654655 1.540280
0.658659 1.526983
0.662663 1.513555
0.666667 1.500000
0.670671 1.486322
0.674675 1.472523
0.678679 1.458608
0.682683 1.444579
0.686687 1.430440
0.690691 1.416195
0.694695 1.401847
0.698699 1.387400
0.702703 1.372856
0.706707 1.358221
0.710711 1.343497
0.714715 1.328688
0.718719 1.313798
0.722723 1.298831
0.726727 1.283789
0.730731 1.268678
0.734735 1.253499
0.738739 1.238259
0.742743 1.222959
0.746747 1.207604
0.750751 1.192198
0.754755 1.176744
0.758759 1.161247
0.762763 1.145710
0.766767 1.130136
0.770771 1.114531
0.774775 1.098897
0.778779 1.083239
0.782783 1.067560
0.786787 1.051865
0.790791 1.036157
0.794795 1.020439
0.798799 1.004717
0.802803 0.988994
0.806807 0.973273
0.810811 0.957559
0.814815 0.941855
0.818819 0.926166
0.822823 0.910495
0.826827 0.894846
0.830831 0.879223
0.834835 0.863630
0.838839 0.848071
0.842843 0.832549
0.846847 0.817069
0.850851 0.801634
0.854855 0.786248
0.858859 0.770914
0.862863 0.755638
0.866867 0.740422
0.870871 0.725270
0.874875 0.710186
0.878879 0.695173
0.882883 0.680236
0.886887 0.665378
0.890891 0.650603
0.894895 0.635914
0.898899 0.621315
0.902903 0.606810
0.906907 0.592402
0.910911 0.578094
0.914915 0.563891
0.918919 0.549796
0.922923 0.535812
0.926927 0.521943
0.930931 0.508192
0.934935 0.494563
0.938939 0.481059
0.942943 0.467683
0.946947 0.454438
0.950951 0.441329
0.954955 0.428357
0.958959 0.415527
0.962963 0.402841
0.966967 0.390303
0.970971 0.377916
0.974975 0.365683
0.978979 0.353606
0.982983 0.341689
0.986987 0.329935
0.990991 0.318347
0.994995 0.306927
0.998999 0.295678
1.003003 0.284604
1.007007 0.273706
1.011011 0.262988
1.015015 0.252453
1.019019 0.242102
1.023023 0.231938
1.027027 0.221964
1.031031 0.212183
1.035035 0.202596
1.039039 0.193207
1.043043 0.184017
1.047047 0.175029
1.051051 0.166244
1.055055 0.157666
1.059059 0.149296
1.063063 0.141137
1.067067 0.133189
1.071071 0.125457
1.075075 0.117940
1.079079 0.110641
1.083083 0.103562
1.087087 0.096705
1.091091 0.090071
1.095095 0.083662
1.099099 0.077480
1.103103 0.071526
1.107107 0.065801
1.111111 0.060307
1.115115 0.055046
1.119119 0.050018
1.123123 0.045225
1.127127 0.040668
1.131131 0.036349
1.135135 0.032267
1.139139 0.028425
1.143143 0.024823
1.147147 0.021462
1.151151 0.018343
1.155155 0.015467
1.159159 0.012834
1.163163 0.010445
1.167167 0.008301
1.171171 0.006401
1.175175 0.004748
1.179179 0.003341
1.183183 0.002180
1.187187 0.001266
1.191191 0.000598
1.195195 0.000178
1.199199 0.000005
1.203203 0.000079
1.207207 0.000400
1.211211 0.000969
1.215215 0.001785
1.219219 0.002847
1.223223 0.004156
1.227227 0.005711
1.231231 0.007511
1.235235 0.009558
1.239239 0.011849
1.243243 0.014384
1.247247 0.017163
1.251251 0.020185
1.255255 0.023449
1.259259 0.026955
1.263263 0.030701
1.267267 0.034687
1.271271 0.038912
1.275275 0.043374
1.279279 0.048073
1.283283 0.053007
1.287287 0.058175
1.291291 0.063576
1.295295 0.069208
1.299299 0.075071
1.303303 0.081162
1.307307 0.087481
1.311311 0.094025
1.315315 0.100793
1.319319 0.107783
1.323323 0.114994
1.327327 0.122424
1.331331 0.130070
1.335335 0.137932
1.339339 0.146007
1.343343 0.154293
1.347347 0.162788
1.351351 0.171490
1.355355 0.180397
1.359359 0.189507
1.363363 0.198817
1.367367 0.208325
1.371371 0.218028
1.375375 0.227926
1.379379 0.238013
1.383383 0.248290
1.387387 0.258752
1.391391 0.269397
1.395395 0.280223
1.399399 0.291227
1.403403 0.302407
1.407407 0.313758
1.411411 0.325280
1.415415 0.336968
1.419419 0.348820
1.423423 0.360833
1.427427 0.373004
1.431431 0.385330
1.435435 0.397808
1.439439 0.410435
1.443443 0.423208
1.447447 0.436123
1.451451 0.449178
1.455455 0.462369
1.459459 0.475693
1.463463 0.489146
1.467467 0.502726
1.471471 0.516429
1.475475 0.530251
1.479479 0.544189
1.483483 0.558240
1.487487 0.572400
1.491491 0.586666
1.495495 0.601035
1.499499 0.615501
1.503504 0.630063
1.507508 0.644717
1.511512 0.659458
1.515516 0.674283
1.519520 0.689189
1.523524 0.704172
1.527528 0.719228
1.531532 0.734353
1.535536 0.749544
1.539540 0.764797
1.543544 0.780108
1.547548 0.795473
1.551552 0.810889
1.555556 0.826352
1.559560 0.841857
1.563564 0.857402
1.567568 0.872982
1.571572 0.888594
1.575576 0.904233
1.579580 0.919895
1.583584 0.935578
1.587588 0.951276
1.591592 0.966986
1.595596 0.982705
1.599600 0.998428
1.603604 1.014151
1.607608 1.029871
1.611612 1.045583
1.615616 1.061284
1.619620 1.076970
1.623624 1.092637
1.627628 1.108281
1.631632 1.123898
1.635636 1.139485
1.639640 1.155037
1.643644 1.170550
1.647648 1.186022
1.651652 1.201448
1.655656 1.216823
1.659660 1.232146
1.663664 1.247410
1.667668 1.262614
1.671672 1.277753
1.675676 1.292823
1.679680 1.307820
1.683684 1.322742
1.687688 1.337584
1.691692 1.352342
1.695696 1.367013
1.699700 1.381594
1.703704 1.396080
1.707708 1.410468
1.711712 1.424755
1.715716 1.438936
1.719720 1.453010
1.723724 1.466971
1.727728 1.480816
1.731732 1.494543
1.735736 1.508148
1.739740 1.521627
1.743744 1.534977
1.747748 1.548195
1.751752 1.561277
1.755756 1.574220
1.759760 1.587022
1.763764 1.599678
1.767768 1.612186
1.771772 1.624543
1.775776 1.636745
1.779780 1.648790
1.783784 1.660675
1.787788 1.672396
1.791792 1.683951
1.795796 1.695337
1.799800 1.706551
1.803804 1.717590
1.807808 1.728452
1.811812 1.739134
1.815816 1.749633
1.819820 1.759946
1.823824 1.770072
1.827828 1.780007
1.831832 1.789750
1.835836 1.799297
1.839840 1.808647
1.843844 1.817797
1.847848 1.826745
1.851852 1.835488
1.855856 1.844024
1.859860 1.852352
1.863864 1.860470
1.867868 1.868374
1.871872 1.876064
1.875876 1.883537
1.879880 1.890792
1.883884 1.897827
1.887888 1.904640
1.891892 1.911228
1.895896 1.917592
1.899900 1.923729
1.903904 1.929638
1.907908 1.935316
1.911912 1.940764
1.915916 1.945978
1.919920 1.950959
1.923924 1.955705
1.927928 1.960215
1.931932 1.964487
1.935936 1.968521
1.939940 1.972315
1.943944 1.975869
1.947948 1.979181
1.951952 1.982252
1.955956 1.985080
1.959960 1.987664
1.963964 1.990004
1.967968 1.992099
1.971972 1.993949
1.975976 1.995553
1.979980 1.996911
1.983984 1.998023
1.987988 1.998888
1.991992 1.999506
1.995996 1.999876
2.000000 2.000000
