-2.000000 1.000000
-1.995996 0.968558
-1.991992 0.937147
-1.987988 0.905798
-1.983984 0.874542
-1.979980 0.843410
-1.975976 0.812433
-1.971972 0.781642
-1.967968 0.751066
-1.963964 0.720737
-1.959960 0.690684
-1.955956 0.660937
-1.951952 0.631525
-1.947948 0.602477
-1.943944 0.573822
-1.939940 0.545589
-1.935936 0.517805
-1.931932 0.490498
-1.927928 0.463695
-1.923924 0.437423
-1.919920 0.411706
-1.915916 0.386571
-1.911912 0.362043
-1.907908 0.338146
-1.903904 0.314903
-1.899900 0.292338
-1.895896 0.270472
-1.891892 0.249328
-1.887888 0.228926
-1.883884 0.209286
-1.879880 0.190429
-1.875876 0.172372
-1.871872 0.155133
-1.867868 0.138730
-1.863864 0.123179
-1.859860 0.108494
-1.855856 0.094692
-1.851852 0.081784
-1.847848 0.069784
-1.843844 0.058704
-1.839840 0.048556
-1.835836 0.039347
-1.831832 0.031089
-1.827828 0.023789
-1.823824 0.017454
-1.819820 0.012091
-1.815816 0.007705
-1.811812 0.004300
-1.807808 0.001880
-1.803804 0.000446
-1.799800 0.000001
-1.795796 0.000545
-1.791792 0.002077
-1.787788 0.004596
-1.783784 0.008100
-1.779780 0.012584
-1.775776 0.018044
-1.771772 0.024476
-1.767768 0.031872
-1.763764 0.040226
-1.759760 0.049528
-1.755756 0.059771
-1.751752 0.070943
-1.747748 0.083034
-1.743744 0.096032
-1.739740 0.109923
-1.735736 0.124695
-1.731732 0.140332
-1.727728 0.156820
-1.723724 0.174141
-1.719720 0.192279
-1.715716 0.211215
-1.711712 0.230932
-1.707708 0.251409
-1.703704 0.272626
-1.699700 0.294563
-1.695696 0.317197
-1.691692 0.340506
-1.687688 0.364468
-1.683684 0.389058
-1.679680 0.414252
-1.675676 0.440025
-1.671672 0.466352
-1.667668 0.493207
-1.663664 0.520563
-1.659660 0.548393
-1.655656 0.576669
-1.651652 0.605364
-1.647648 0.634450
-1.643644 0.663897
-1.639640 0.693676
-1.635636 0.723758
-1.631632 0.754113
-1.627628 0.784712
-1.623624 0.815523
-1.619620 0.846517
-1.615616 0.877662
-1.611612 0.908929
-1.607608 0.940286
-1.603604 0.971701
-1.599600 1.003145
-1.595596 1.034585
-1.591592 1.065991
-1.587588 1.097333
-1.583584 1.128577
-1.579580 1.159695
-1.575576 1.190655
-1.571572 1.221426
-1.567568 1.251978
-1.563564 1.282281
-1.559560 1.312305
-1.555556 1.342020
-1.551552 1.371397
-1.547548 1.400407
-1.543544 1.429020
-1.539540 1.457210
-1.535536 1.484947
-1.531532 1.512205
-1.527528 1.538956
-1.523524 1.565175
-1.519520 1.590834
-1.515516 1.615909
-1.511512 1.640375
-1.507508 1.664208
-1.503504 1.687384
-1.499499 1.709881
-1.495495 1.731675
-1.491491 1.752746
-1.487487 1.773073
-1.483483 1.792635
-1.479479 1.811413
-1.475475 1.829389
-1.471471 1.846545
-1.467467 1.862864
-1.463463 1.878329
-1.459459 1.892926
-1.455455 1.906640
-1.451451 1.919457
-1.447447 1.931365
-1.443443 1.942352
-1.439439 1.952408
-1.435435 1.961521
-1.431431 1.969684
-1.427427 1.976888
-1.423423 1.983126
-1.419419 1.988391
-1.415415 1.992680
-1.411411 1.995986
-1.407407 1.998308
-1.403403 1.999643
-1.399399 1.999989
-1.395395 1.999346
-1.391391 1.997715
-1.387387 1.995098
-1.383383 1.991496
-1.379379 1.986914
-1.375375 1.981356
-1.371371 1.974828
-1.367367 1.967336
-1.363363 1.958887
-1.359359 1.949490
-1.355355 1.939154
-1.351351 1.927889
-1.347347 1.915707
-1.343343 1.902619
-1.339339 1.888639
-1.335335 1.873780
-1.331331 1.858057
-1.327327 1.841485
-1.323323 1.824082
-1.319319 1.805863
-1.315315 1.786848
-1.311311 1.767054
-1.307307 1.746502
-1.303303 1.725212
-1.299299 1.703205
-1.295295 1.680502
-1.291291 1.657126
-1.287287 1.633101
-1.283283 1.608450
-1.279279 1.583196
-1.275275 1.557367
-1.271271 1.530986
-1.267267 1.504080
-1.263263 1.476675
-1.259259 1.448799
-1.255255 1.420480
-1.251251 1.391744
-1.247247 1.362621
-1.243243 1.333140
-1.239239 1.303329
-1.235235 1.273218
-1.231231 1.242837
-1.227227 1.212216
-1.223223 1.181385
-1.219219 1.150375
-1.215215 1.119216
-1.211211 1.087939
-1.207207 1.056575
-1.203203 1.025155
-1.199199 0.993711
-1.195195 0.962272
-1.191191 0.930871
-1.187187 0.899538
-1.183183 0.868305
-1.179179 0.837201
-1.175175 0.806259
-1.171171 0.775509
-1.167167 0.744980
-1.163163 0.714703
-1.159159 0.684709
-1.155155 0.655026
-1.151151 0.625685
-1.147147 0.596714
-1.143143 0.568141
-1.139139 0.539996
-1.135135 0.512305
-1.131131 0.485097
-1.127127 0.458398
-1.123123 0.432234
-1.119119 0.406632
-1.115115 0.381616
-1.111111 0.357212
-1.107107 0.333444
-1.103103 0.310335
-1.099099 0.287908
-1.095095 0.266185
-1.091091 0.245187
-1.087087 0.224936
-1.083083 0.205452
-1.079079 0.186753
-1.075075 0.168858
-1.071071 0.151785
-1.067067 0.135551
-1.063063 0.120172
-1.059059 0.105663
-1.055055 0.092038
-1.051051 0.079311
-1.047047 0.067494
-1.043043 0.056600
-1.039039 0.046638
-1.035035 0.037619
-1.031031 0.029552
-1.027027 0.022445
-1.023023 0.016304
-1.019019 0.011136
-1.015015 0.006945
-1.011011 0.003737
-1.007007 0.001514
-1.003003 0.000278
-0.998999 0.000031
-0.994995 0.000773
-0.990991 0.002502
-0.986987 0.005218
-0.982983 0.008918
-0.978979 0.013598
-0.974975 0.019253
-0.970971 0.025878
-0.966967 0.033466
-0.962963 0.042010
-0.958959 0.051502
-0.954955 0.061931
-0.950951 0.073288
-0.946947 0.085561
-0.942943 0.098739
-0.938939 0.112808
-0.934935 0.127754
-0.930931 0.143562
-0.926927 0.160218
-0.922923 0.177704
-0.918919 0.196003
-0.914915 0.215097
-0.910911 0.234967
-0.906907 0.255594
-0.902903 0.276957
-0.898899 0.299035
-0.894895 0.321806
-0.890891 0.345247
-0.886887 0.369336
-0.882883 0.394049
-0.878879 0.419361
-0.874875 0.445247
-0.870871 0.471682
-0.866867 0.498639
-0.862863 0.526092
-0.858859 0.554013
-0.854855 0.582376
-0.850851 0.611151
-0.846847 0.640311
-0.842843 0.669827
-0.838839 0.699669
-0.834835 0.729808
-0.830831 0.760215
-0.826827 0.790858
-0.822823 0.821708
-0.818819 0.852735
-0.814815 0.883907
-0.810811 0.915194
-0.806807 0.946565
-0.802803 0.977989
-0.798799 1.009434
-0.794795 1.040870
-0.790791 1.072266
-0.786787 1.103590
-0.782783 1.134812
-0.778779 1.165900
-0.774775 1.196825
-0.770771 1.227555
-0.766767 1.258060
-0.762763 1.288309
-0.758759 1.318274
-0.754755 1.347924
-0.750751 1.377229
-0.746747 1.406162
-0.742743 1.434693
-0.738739 1.462794
-0.734735 1.490438
-0.730731 1.517597
-0.726727 1.544243
-0.722723 1.570352
-0.718719 1.595897
-0.714715 1.620852
-0.710711 1.645193
-0.706707 1.668897
-0.702703 1.691939
-0.698699 1.714297
-0.694695 1.735948
-0.690691 1.756872
-0.686687 1.777047
-0.682683 1.796454
-0.678679 1.815073
-0.674675 1.832886
-0.670671 1.849876
-0.666667 1.866025
-0.662663 1.881318
-0.658659 1.895740
-0.654655 1.909275
-0.650651 1.921912
-0.646647 1.933637
-0.642643 1.944438
-0.638639 1.954306
-0.634635 1.963230
-0.630631 1.971202
-0.626627 1.978213
-0.622623 1.984257
-0.618619 1.989327
-0.614615 1.993420
-0.610611 1.996530
-0.606607 1.998654
-0.602603 1.999791
-0.598599 1.999939
-0.594595 1.999099
-0.590591 1.997271
-0.586587 1.994456
-0.582583 1.990658
-0.578579 1.985880
-0.574575 1.980128
-0.570571 1.973406
-0.566567 1.965722
-0.562563 1.957083
-0.558559 1.947497
-0.554555 1.936975
-0.550551 1.925526
-0.546547 1.913161
-0.542543 1.899894
-0.538539 1.885737
-0.534535 1.870704
-0.530531 1.854810
-0.526527 1.838071
-0.522523 1.820503
-0.518519 1.802123
-0.514515 1.782951
-0.510511 1.763004
-0.506507 1.742303
-0.502503 1.720867
-0.498498 1.698719
-0.494494 1.675880
-0.490490 1.652373
-0.486486 1.628220
-0.482482 1.603446
-0.478478 1.578076
-0.474474 1.552134
-0.470470 1.525646
-0.466466 1.498638
-0.462462 1.471137
-0.458458 1.443170
-0.454454 1.414765
-0.450450 1.385950
-0.446446 1.356753
-0.442442 1.327203
-0.438438 1.297330
-0.434434 1.267163
-0.430430 1.236731
-0.426426 1.206066
-0.422422 1.175196
-0.418418 1.144154
-0.414414 1.112969
-0.410410 1.081672
-0.406406 1.050295
-0.402402 1.018867
-0.398398 0.987421
-0.394394 0.955988
-0.390390 0.924598
-0.386386 0.893283
-0.382382 0.862073
-0.378378 0.830999
-0.374374 0.800093
-0.370370 0.769384
-0.366366 0.738903
-0.362362 0.708681
-0.358358 0.678747
-0.354354 0.649130
-0.350350 0.619860
-0.346346 0.590966
-0.342342 0.562477
-0.338338 0.534420
-0.334334 0.506824
-0.330330 0.479715
-0.326326 0.453121
-0.322322 0.427068
-0.318318 0.401581
-0.314314 0.376686
-0.310310 0.352407
-0.306306 0.328769
-0.302302 0.305794
-0.298298 0.283506
-0.294294 0.261926
-0.290290 0.241077
-0.286286 0.220977
-0.282282 0.201648
-0.278278 0.183109
-0.274274 0.165377
-0.270270 0.148471
-0.266266 0.132407
-0.262262 0.117200
-0.258258 0.102867
-0.254254 0.089420
-0.250250 0.076874
-0.246246 0.065241
-0.242242 0.054533
-0.238238 0.044759
-0.234234 0.035930
-0.230230 0.028054
-0.226226 0.021139
-0.222222 0.015192
-0.218218 0.010219
-0.214214 0.006225
-0.210210 0.003214
-0.206206 0.001188
-0.202202 0.000150
-0.198198 0.000100
-0.194194 0.001039
-0.190190 0.002967
-0.186186 0.005880
-0.182182 0.009776
-0.178178 0.014651
-0.174174 0.020501
-0.170170 0.027319
-0.166166 0.035099
-0.162162 0.043833
-0.158158 0.053513
-0.154154 0.064129
-0.150150 0.075670
-0.146146 0.088125
-0.142142 0.101482
-0.138138 0.115727
-0.134134 0.130847
-0.130130 0.146826
-0.126126 0.163649
-0.122122 0.181299
-0.118118 0.199759
-0.114114 0.219010
-0.110110 0.239033
-0.106106 0.259808
-0.102102 0.281316
-0.098098 0.303534
-0.094094 0.326441
-0.090090 0.350014
-0.086086 0.374230
-0.082082 0.399064
-0.078078 0.424493
-0.074074 0.450491
-0.070070 0.477032
-0.066066 0.504091
-0.062062 0.531639
-0.058058 0.559651
-0.054054 0.588099
-0.050050 0.616953
-0.046046 0.646187
-0.042042 0.675770
-0.038038 0.705674
-0.034034 0.735869
-0.030030 0.766325
-0.026026 0.797013
-0.022022 0.827901
-0.018018 0.858959
-0.014014 0.890156
-0.010010 0.921463
-0.006006 0.952846
-0.002002 0.984277
0.002002 1.015723
0.006006 1.047154
0.010010 1.078537
0.014014 1.109844
0.018018 1.141041
0.022022 1.172099
0.026026 1.202987
0.030030 1.233675
0.034034 1.264131
0.038038 1.294326
0.042042 1.324230
0.046046 1.353813
0.050050 1.383047
0.054054 1.411901
0.058058 1.440349
0.062062 1.468361
0.066066 1.495909
0.070070 1.522968
0.074074 1.549509
0.078078 1.575507
0.082082 1.600936
0.086086 1.625770
0.090090 1.649986
0.094094 1.673559
0.098098 1.696466
0.102102 1.718684
0.106106 1.740192
0.110110 1.760967
0.114114 1.780990
0.118118 1.800241
0.122122 1.818701
0.126126 1.836351
0.130130 1.853174
0.134134 1.869153
0.138138 1.884273
0.142142 1.898518
0.146146 1.911875
0.150150 1.924330
0.154154 1.935871
0.158158 1.946487
0.162162 1.956167
0.166166 1.964901
0.170170 1.972681
0.174174 1.979499
0.178178 1.985349
0.182182 1.990224
0.186186 1.994120
0.190190 1.997033
0.194194 1.998961
0.198198 1.999900
0.202202 1.999850
0.206206 1.998812
0.210210 1.996786
0.214214 1.993775
0.218218 1.989781
0.222222 1.984808
0.226226 1.978861
0.230230 1.971946
0.234234 1.964070
0.238238 1.955241
0.242242 1.945467
0.246246 1.934759
0.250250 1.923126
0.254254 1.910580
0.258258 1.897133
0.262262 1.882800
0.266266 1.867593
0.270270 1.851529
0.274274 1.834623
0.278278 1.816891
0.282282 1.798352
0.286286 1.779023
0.290290 1.758923
0.294294 1.738074
0.298298 1.716494
0.302302 1.694206
0.306306 1.671231
0.310310 1.647593
0.314314 1.623314
0.318318 1.598419
0.322322 1.572932
0.326326 1.546879
0.330330 1.520285
0.334334 1.493176
0.338338 1.465580
0.342342 1.437523
0.346346 1.409034
0.350350 1.380140
0.354354 1.350870
0.358358 1.321253
0.362362 1.291319
0.366366 1.261097
0.370370 1.230616
0.374374 1.199907
0.378378 1.169001
0.382382 1.137927
0.386386 1.106717
0.390390 1.075402
0.394394 1.044012
0.398398 1.012579
0.402402 0.981133
0.406406 0.949705
0.410410 0.918328
0.414414 0.887031
0.418418 0.855846
0.422422 0.824804
0.426426 0.793934
0.430430 0.763269
0.434434 0.732837
0.438438 0.702670
0.442442 0.672797
0.446446 0.643247
0.450450 0.614050
0.454454 0.585235
0.458458 0.556830
0.462462 0.528863
0.466466 0.501362
0.470470 0.474354
0.474474 0.447866
0.478478 0.421924
0.482482 0.396554
0.486486 0.371780
0.490490 0.347627
0.494494 0.324120
0.498498 0.301281
0.502503 0.279133
0.506507 0.257697
0.510511 0.236996
0.514515 0.217049
0.518519 0.197877
0.522523 0.179497
0.526527 0.161929
0.530531 0.145190
0.534535 0.129296
0.538539 0.114263
0.542543 0.100106
0.546547 0.086839
0.550551 0.074474
0.554555 0.063025
0.558559 0.052503
0.562563 0.042917
0.566567 0.034278
0.570571 0.026594
0.574575 0.019872
0.578579 0.014120
0.582583 0.009342
0.586587 0.005544
0.590591 0.002729
0.594595 0.000901
0.598599 0.000061
0.602603 0.000209
0.606607 0.001346
0.610611 0.003470
0.614615 0.006580
0.618619 0.010673
0.622623 0.015743
0.626627 0.021787
0.630631 0.028798
0.634635 0.036770
0.638639 0.045694
0.642643 0.055562
0.646647 0.066363
0.650651 0.078088
0.654655 0.090725
0.658659 0.104260
0.662663 0.118682
0.666667 0.133975
0.670671 0.150124
0.674675 0.167114
0.678679 0.184927
0.682683 0.203546
0.686687 0.222953
0.690691 0.243128
0.694695 0.264052
0.698699 0.285703
0.702703 0.308061
0.706707 0.331103
0.710711 0.354807
0.714715 0.379148
0.718719 0.404103
0.722723 0.429648
0.726727 0.455757
0.730731 0.482403
0.734735 0.509562
0.738739 0.537206
0.742743 0.565307
0.746747 0.593838
0.750751 0.622771
0.754755 0.652076
0.758759 0.681726
0.762763 0.711691
0.766767 0.741940
0.770771 0.772445
0.774775 0.803175
0.778779 0.834100
0.782783 0.865188
0.786787 0.896410
0.790791 0.927734
0.794795 0.959130
0.798799 0.990566
0.802803 1.022011
0.806807 1.053435
0.810811 1.084806
0.814815 1.116093
0.818819 1.147265
0.822823 1.178292
0.826827 1.209142
0.830831 1.239785
0.834835 1.270192
0.838839 1.300331
0.842843 1.330173
0.846847 1.359689
0.850851 1.388849
0.854855 1.417624
0.858859 1.445987
0.862863 1.473908
0.866867 1.501361
0.870871 1.528318
0.874875 1.554753
0.878879 1.580639
0.882883 1.605951
0.886887 1.630664
0.890891 1.654753
0.894895 1.678194
0.898899 1.700965
0.902903 1.723043
0.906907 1.744406
0.910911 1.765033
0.914915 1.784903
0.918919 1.803997
0.922923 1.822296
0.926927 1.839782
0.930931 1.856438
0.934935 1.872246
0.938939 1.887192
0.942943 1.901261
0.946947 1.914439
0.950951 1.926712
0.954955 1.938069
0.958959 1.948498
0.962963 1.957990
0.966967 1.966534
0.970971 1.974122
0.974975 1.980747
0.978979 1.986402
0.982983 1.991082
0.986987 1.994782
0.990991 1.997498
0.994995 1.999227
0.998999 1.999969
1.003003 1.999722
1.007007 1.998486
1.011011 1.996263
1.015015 1.993055
1.019019 1.988864
1.023023 1.983696
1.027027 1.977555
1.031031 1.970448
1.035035 1.962381
1.039039 1.953362
1.043043 1.943400
1.047047 1.932506
1.051051 1.920689
1.055055 1.907962
1.059059 1.894337
1.063063 1.879828
1.067067 1.864449
1.071071 1.848215
1.075075 1.831142
1.079079 1.813247
1.083083 1.794548
1.087087 1.775064
1.091091 1.754813
1.095095 1.733815
1.099099 1.712092
1.103103 1.689665
1.107107 1.666556
1.111111 1.642788
1.115115 1.618384
1.119119 1.593368
1.123123 1.567766
1.127127 1.541602
1.131131 1.514903
1.135135 1.487695
1.139139 1.460004
1.143143 1.431859
1.147147 1.403286
1.151151 1.374315
1.155155 1.344974
1.159159 1.315291
1.163163 1.285297
1.167167 1.255020
1.171171 1.224491
1.175175 1.193741
1.179179 1.162799
1.183183 1.131695
1.187187 1.100462
1.191191 1.069129
1.195195 1.037728
1.199199 1.006289
1.203203 0.974845
1.207207 0.943425
1.211211 0.912061
1.215215 0.880784
1.219219 0.849625
1.223223 0.818615
1.227227 0.787784
1.231231 0.757163
1.235235 0.726782
1.239239 0.696671
1.243243 0.666860
1.247247 0.637379
1.251251 0.608256
1.255255 0.579520
1.259259 0.551201
1.263263 0.523325
1.267267 0.495920
1.271271 0.469014
1.275275 0.442633
1.279279 0.416804
1.283283 0.391550
1.287287 0.366899
1.291291 0.342874
1.295295 0.319498
1.299299 0.296795
1.303303 0.274788
1.307307 0.253498
1.311311 0.232946
1.315315 0.213152
1.319319 0.194137
1.323323 0.175918
1.327327 0.158515
1.331331 0.141943
1.335335 0.126220
1.339339 0.111361
1.343343 0.097381
1.347347 0.084293
1.351351 0.072111
1.355355 0.060846
1.359359 0.050510
1.363363 0.041113
1.367367 0.032664
1.371371 0.025172
1.375375 0.018644
1.379379 0.013086
1.383383 0.008504
1.387387 0.004902
1.391391 0.002285
1.395395 0.000654
1.399399 0.000011
1.403403 0.000357
1.407407 0.001692
1.411411 0.004014
1.415415 0.007320
1.419419 0.011609
1.423423 0.016874
1.427427 0.023112
1.431431 0.030316
1.435435 0.038479
1.439439 0.047592
1.443443 0.057648
1.447447 0.068635
1.451451 0.080543
1.455455 0.093360
1.459459 0.107074
1.463463 0.121671
1.467467 0.137136
1.471471 0.153455
1.475475 0.170611
1.479479 0.188587
1.483483 0.207365
1.487487 0.226927
1.491491 0.247254
1.495495 0.268325
1.499499 0.290119
1.503504 0.312616
1.507508 0.335792
1.511512 0.359625
1.515516 0.384091
1.519520 0.409166
1.523524 0.434825
1.527528 0.461044
1.531532 0.487795
1.535536 0.515053
1.539540 0.542790
1.543544 0.570980
1.547548 0.599593
1.551552 0.628603
1.555556 0.657980
1.559560 0.687695
1.563564 0.717719
1.567568 0.748022
1.571572 0.778574
1.575576 0.809345
1.579580 0.840305
1.583584 0.871423
1.587588 0.902667
1.591592 0.934009
1.595596 0.965415
1.599600 0.996855
1.603604 1.028299
1.607608 1.059714
1.611612 1.091071
1.615616 1.122338
1.619620 1.153483
1.623624 1.184477
1.627628 1.215288
1.631632 1.245887
1.635636 1.276242
1.639640 1.306324
1.643644 1.336103
1.647648 1.365550
1.651652 1.394636
1.655656 1.423331
1.659660 1.451607
1.663664 1.479437
1.667668 1.506793
1.671672 1.533648
1.675676 1.559975
1.679680 1.585748
1.683684 1.610942
1.687688 1.635532
1.691692 1.659494
1.695696 1.682803
1.699700 1.705437
1.703704 1.727374
1.707708 1.748591
1.711712 1.769068
1.715716 1.788785
1.719720 1.807721
1.723724 1.825859
1.727728 1.843180
1.731732 1.859668
1.735736 1.875305
1.739740 1.890077
1.743744 1.903968
1.747748 1.916966
1.751752 1.929057
1.755756 1.940229
1.759760 1.950472
1.763764 1.959774
1.767768 1.968128
1.771772 1.975524
1.775776 1.981956
1.779780 1.987416
1.783784 1.991900
1.787788 1.995404
1.791792 1.997923
1.795796 1.999455
1.799800 1.999999
1.803804 1.999554
1.807808 1.998120
1.811812 1.995700
1.815816 1.992295
1.819820 1.987909
1.823824 1.982546
1.827828 1.976211
1.831832 1.968911
1.835836 1.960653
1.839840 1.951444
1.843844 1.941296
1.847848 1.930216
1.851852 1.918216
1.855856 1.905308
1.859860 1.891506
1.863864 1.876821
1.867868 1.861270
1.871872 1.844867
1.875876 1.827628
1.879880 1.809571
1.883884 1.790714
1.887888 1.771074
1.891892 1.750672
1.895896 1.729528
1.899900 1.707662
1.903904 1.685097
1.907908 1.661854
1.911912 1.637957
1.915916 1.613429
1.919920 1.588294
1.923924 1.562577
1.927928 1.536305
1.931932 1.509502
1.935936 1.482195
1.939940 1.454411
1.943944 1.426178
1.947948 1.397523
1.951952 1.368475
1.955956 1.339063
1.959960 1.309316
1.963964 1.279263
1.967968 1.248934
1.971972 1.218358
1.975976 1.187567
1.979980 1.156590
1.983984 1.125458
1.987988 1.094202
1.991992 1.062853
1.995996 1.031442
2.000000 1.000000
