-2.000000 1.000000
-1.995996 1.062853
-1.991992 1.125458
-1.987988 1.187567
-1.983984 1.248934
-1.979980 1.309316
-1.975976 1.368475
-1.971972 1.426178
-1.967968 1.482195
-1.963964 1.536305
-1.959960 1.588294
-1.955956 1.637957
-1.951952 1.685097
-1.947948 1.729528
-1.943944 1.771074
-1.939940 1.809571
-1.935936 1.844867
-1.931932 1.876821
-1.927928 1.905308
-1.923924 1.930216
-1.919920 1.951444
-1.915916 1.968911
-1.911912 1.982546
-1.907908 1.992295
-1.903904 1.998120
-1.899900 1.999999
-1.895896 1.997923
-1.891892 1.991900
-1.887888 1.981956
-1.883884 1.968128
-1.879880 1.950472
-1.875876 1.929057
-1.871872 1.903968
-1.867868 1.875305
-1.863864 1.843180
-1.859860 1.807721
-1.855856 1.769068
-1.851852 1.727374
-1.847848 1.682803
-1.843844 1.635532
-1.839840 1.585748
-1.835836 1.533648
-1.831832 1.479437
-1.827828 1.423331
-1.823824 1.365550
-1.819820 1.306324
-1.815816 1.245887
-1.811812 1.184477
-1.807808 1.122338
-1.803804 1.059714
-1.799800 0.996855
-1.795796 0.934009
-1.791792 0.871423
-1.787788 0.809345
-1.783784 0.748022
-1.779780 0.687695
-1.775776 0.628603
-1.771772 0.570980
-1.767768 0.515053
-1.763764 0.461044
-1.759760 0.409166
-1.755756 0.359625
-1.751752 0.312616
-1.747748 0.268325
-1.743744 0.226927
-1.739740 0.188587
-1.735736 0.153455
-1.731732 0.121671
-1.727728 0.093360
-1.723724 0.068635
-1.719720 0.047592
-1.715716 0.030316
-1.711712 0.016874
-1.707708 0.007320
-1.703704 0.001692
-1.699700 0.000011
-1.695696 0.002285
-1.691692 0.008504
-1.687688 0.018644
-1.683684 0.032664
-1.679680 0.050510
-1.675676 0.072111
-1.671672 0.097381
-1.667668 0.126220
-1.663664 0.158515
-1.659660 0.194137
-1.655656 0.232946
-1.651652 0.274788
-1.647648 0.319498
-1.643644 0.366899
-1.639640 0.416804
-1.635636 0.469014
-1.631632 0.523325
-1.627628 0.579520
-1.623624 0.637379
-1.619620 0.696671
-1.615616 0.757163
-1.611612 0.818615
-1.607608 0.880784
-1.603604 0.943425
-1.599600 1.006289
-1.595596 1.069129
-1.591592 1.131695
-1.587588 1.193741
-1.583584 1.255020
-1.579580 1.315291
-1.575576 1.374315
-1.571572 1.431859
-1.567568 1.487695
-1.563564 1.541602
-1.559560 1.593368
-1.555556 1.642788
-1.551552 1.689665
-1.547548 1.733815
-1.543544 1.775064
-1.539540 1.813247
-1.535536 1.848215
-1.531532 1.879828
-1.527528 1.907962
-1.523524 1.932506
-1.519520 1.953362
-1.515516 1.970448
-1.511512 1.983696
-1.507508 1.993055
-1.503504 1.998486
-1.499499 1.999969
-1.495495 1.997498
-1.491491 1.991082
-1.487487 1.980747
-1.483483 1.966534
-1.479479 1.948498
-1.475475 1.926712
-1.471471 1.901261
-1.467467 1.872246
-1.463463 1.839782
-1.459459 1.803997
-1.455455 1.765033
-1.451451 1.723043
-1.447447 1.678194
-1.443443 1.630664
-1.439439 1.580639
-1.435435 1.528318
-1.431431 1.473908
-1.427427 1.417624
-1.423423 1.359689
-1.419419 1.300331
-1.415415 1.239785
-1.411411 1.178292
-1.407407 1.116093
-1.403403 1.053435
-1.399399 0.990566
-1.395395 0.927734
-1.391391 0.865188
-1.387387 0.803175
-1.383383 0.741940
-1.379379 0.681726
-1.375375 0.622771
-1.371371 0.565307
-1.367367 0.509562
-1.363363 0.455757
-1.359359 0.404103
-1.355355 0.354807
-1.351351 0.308061
-1.347347 0.264052
-1.343343 0.222953
-1.339339 0.184927
-1.335335 0.150124
-1.331331 0.118682
-1.327327 0.090725
-1.323323 0.066363
-1.319319 0.045694
-1.315315 0.028798
-1.311311 0.015743
-1.307307 0.006580
-1.303303 0.001346
-1.299299 0.000061
-1.295295 0.002729
-1.291291 0.009342
-1.287287 0.019872
-1.283283 0.034278
-1.279279 0.052503
-1.275275 0.074474
-1.271271 0.100106
-1.267267 0.129296
-1.263263 0.161929
-1.259259 0.197877
-1.255255 0.236996
-1.251251 0.279133
-1.247247 0.324120
-1.243243 0.371780
-1.239239 0.421924
-1.235235 0.474354
-1.231231 0.528863
-1.227227 0.585235
-1.223223 0.643247
-1.219219 0.702670
-1.215215 0.763269
-1.211211 0.824804
-1.207207 0.887031
-1.203203 0.949705
-1.199199 1.012579
-1.195195 1.075402
-1.191191 1.137927
-1.187187 1.199907
-1.183183 1.261097
-1.179179 1.321253
-1.175175 1.380140
-1.171171 1.437523
-1.167167 1.493176
-1.163163 1.546879
-1.159159 1.598419
-1.155155 1.647593
-1.151151 1.694206
-1.147147 1.738074
-1.143143 1.779023
-1.139139 1.816891
-1.135135 1.851529
-1.131131 1.882800
-1.127127 1.910580
-1.123123 1.934759
-1.119119 1.955241
-1.115115 1.971946
-1.111111 1.984808
-1.107107 1.993775
-1.103103 1.998812
-1.099099 1.999900
-1.095095 1.997033
-1.091091 1.990224
-1.087087 1.979499
-1.083083 1.964901
-1.079079 1.946487
-1.075075 1.924330
-1.071071 1.898518
-1.067067 1.869153
-1.063063 1.836351
-1.059059 1.800241
-1.055055 1.760967
-1.051051 1.718684
-1.047047 1.673559
-1.043043 1.625770
-1.039039 1.575507
-1.035035 1.522968
-1.031031 1.468361
-1.027027 1.411901
-1.023023 1.353813
-1.019019 1.294326
-1.015015 1.233675
-1.011011 1.172099
-1.007007 1.109844
-1.003003 1.047154
-0.998999 0.984277
-0.994995 0.921463
-0.990991 0.858959
-0.986987 0.797013
-0.982983 0.735869
-0.978979 0.675770
-0.974975 0.616953
-0.970971 0.559651
-0.966967 0.504091
-0.962963 0.450491
-0.958959 0.399064
-0.954955 0.350014
-0.950951 0.303534
-0.946947 0.259808
-0.942943 0.219010
-0.938939 0.181299
-0.934935 0.146826
-0.930931 0.115727
-0.926927 0.088125
-0.922923 0.064129
-0.918919 0.043833
-0.914915 0.027319
-0.910911 0.014651
-0.906907 0.005880
-0.902903 0.001039
-0.898899 0.000150
-0.894895 0.003214
-0.890891 0.010219
-0.886887 0.021139
-0.882883 0.035930
-0.878879 0.054533
-0.874875 0.076874
-0.870871 0.102867
-0.866867 0.132407
-0.862863 0.165377
-0.858859 0.201648
-0.854855 0.241077
-0.850851 0.283506
-0.846847 0.328769
-0.842843 0.376686
-0.838839 0.427068
-0.834835 0.479715
-0.830831 0.534420
-0.826827 0.590966
-0.822823 0.649130
-0.818819 0.708681
-0.814815 0.769384
-0.810811 0.830999
-0.806807 0.893283
-0.802803 0.955988
-0.798799 1.018867
-0.794795 1.081672
-0.790791 1.144154
-0.786787 1.206066
-0.782783 1.267163
-0.778779 1.327203
-0.774775 1.385950
-0.770771 1.443170
-0.766767 1.498638
-0.762763 1.552134
-0.758759 1.603446
-0.754755 1.652373
-0.750751 1.698719
-0.746747 1.742303
-0.742743 1.782951
-0.738739 1.820503
-0.734735 1.854810
-0.730731 1.885737
-0.726727 1.913161
-0.722723 1.936975
-0.718719 1.957083
-0.714715 1.973406
-0.710711 1.985880
-0.706707 1.994456
-0.702703 1.999099
-0.698699 1.999791
-0.694695 1.996530
-0.690691 1.989327
-0.686687 1.978213
-0.682683 1.963230
-0.678679 1.944438
-0.674675 1.921912
-0.670671 1.895740
-0.666667 1.866025
-0.662663 1.832886
-0.658659 1.796454
-0.654655 1.756872
-0.650651 1.714297
-0.646647 1.668897
-0.642643 1.620852
-0.638639 1.570352
-0.634635 1.517597
-0.630631 1.462794
-0.626627 1.406162
-0.622623 1.347924
-0.618619 1.288309
-0.614615 1.227555
-0.610611 1.165900
-0.606607 1.103590
-0.602603 1.040870
-0.598599 0.977989
-0.594595 0.915194
-0.590591 0.852735
-0.586587 0.790858
-0.582583 0.729808
-0.578579 0.669827
-0.574575 0.611151
-0.570571 0.554013
-0.566567 0.498639
-0.562563 0.445247
-0.558559 0.394049
-0.554555 0.345247
-0.550551 0.299035
-0.546547 0.255594
-0.542543 0.215097
-0.538539 0.177704
-0.534535 0.143562
-0.530531 0.112808
-0.526527 0.085561
-0.522523 0.061931
-0.518519 0.042010
-0.514515 0.025878
-0.510511 0.013598
-0.506507 0.005218
-0.502503 0.000773
-0.498498 0.000278
-0.494494 0.003737
-0.490490 0.011136
-0.486486 0.022445
-0.482482 0.037619
-0.478478 0.056600
-0.474474 0.079311
-0.470470 0.105663
-0.466466 0.135551
-0.462462 0.168858
-0.458458 0.205452
-0.454454 0.245187
-0.450450 0.287908
-0.446446 0.333444
-0.442442 0.381616
-0.438438 0.432234
-0.434434 0.485097
-0.430430 0.539996
-0.426426 0.596714
-0.422422 0.655026
-0.418418 0.714703
-0.414414 0.775509
-0.410410 0.837201
-0.406406 0.899538
-0.402402 0.962272
-0.398398 1.025155
-0.394394 1.087939
-0.390390 1.150375
-0.386386 1.212216
-0.382382 1.273218
-0.378378 1.333140
-0.374374 1.391744
-0.370370 1.448799
-0.366366 1.504080
-0.362362 1.557367
-0.358358 1.608450
-0.354354 1.657126
-0.350350 1.703205
-0.346346 1.746502
-0.342342 1.786848
-0.338338 1.824082
-0.334334 1.858057
-0.330330 1.888639
-0.326326 1.915707
-0.322322 1.939154
-0.318318 1.958887
-0.314314 1.974828
-0.310310 1.986914
-0.306306 1.995098
-0.302302 1.999346
-0.298298 1.999643
-0.294294 1.995986
-0.290290 1.988391
-0.286286 1.976888
-0.282282 1.961521
-0.278278 1.942352
-0.274274 1.919457
-0.270270 1.892926
-0.266266 1.862864
-0.262262 1.829389
-0.258258 1.792635
-0.254254 1.752746
-0.250250 1.709881
-0.246246 1.664208
-0.242242 1.615909
-0.238238 1.565175
-0.234234 1.512205
-0.230230 1.457210
-0.226226 1.400407
-0.222222 1.342020
-0.218218 1.282281
-0.214214 1.221426
-0.210210 1.159695
-0.206206 1.097333
-0.202202 1.034585
-0.198198 0.971701
-0.194194 0.908929
-0.190190 0.846517
-0.186186 0.784712
-0.182182 0.723758
-0.178178 0.663897
-0.174174 0.605364
-0.170170 0.548393
-0.166166 0.493207
-0.162162 0.440025
-0.158158 0.389058
-0.154154 0.340506
-0.150150 0.294563
-0.146146 0.251409
-0.142142 0.211215
-0.138138 0.174141
-0.134134 0.140332
-0.130130 0.109923
-0.126126 0.083034
-0.122122 0.059771
-0.118118 0.040226
-0.114114 0.024476
-0.110110 0.012584
-0.106106 0.004596
-0.102102 0.000545
-0.098098 0.000446
-0.094094 0.004300
-0.090090 0.012091
-0.086086 0.023789
-0.082082 0.039347
-0.078078 0.058704
-0.074074 0.081784
-0.070070 0.108494
-0.066066 0.138730
-0.062062 0.172372
-0.058058 0.209286
-0.054054 0.249328
-0.050050 0.292338
-0.046046 0.338146
-0.042042 0.386571
-0.038038 0.437423
-0.034034 0.490498
-0.030030 0.545589
-0.026026 0.602477
-0.022022 0.660937
-0.018018 0.720737
-0.014014 0.781642
-0.010010 0.843410
-0.006006 0.905798
-0.002002 0.968558
0.002002 1.031442
0.006006 1.094202
0.010010 1.156590
0.014014 1.218358
0.018018 1.279263
0.022022 1.339063
0.026026 1.397523
0.030030 1.454411
0.034034 1.509502
0.038038 1.562577
0.042042 1.613429
0.046046 1.661854
0.050050 1.707662
0.054054 1.750672
0.058058 1.790714
0.062062 1.827628
0.066066 1.861270
0.070070 1.891506
0.074074 1.918216
0.078078 1.941296
0.082082 1.960653
0.086086 1.976211
0.090090 1.987909
0.094094 1.995700
0.098098 1.999554
0.102102 1.999455
0.106106 1.995404
0.110110 1.987416
0.114114 1.975524
0.118118 1.959774
0.122122 1.940229
0.126126 1.916966
0.130130 1.890077
0.134134 1.859668
0.138138 1.825859
0.142142 1.788785
0.146146 1.748591
0.150150 1.705437
0.154154 1.659494
0.158158 1.610942
0.162162 1.559975
0.166166 1.506793
0.170170 1.451607
0.174174 1.394636
0.178178 1.336103
0.182182 1.276242
0.186186 1.215288
0.190190 1.153483
0.194194 1.091071
0.198198 1.028299
0.202202 0.965415
0.206206 0.902667
0.210210 0.840305
0.214214 0.778574
0.218218 0.717719
0.222222 0.657980
0.226226 0.599593
0.230230 0.542790
0.234234 0.487795
0.238238 0.434825
0.242242 0.384091
0.246246 0.335792
0.250250 0.290119
0.254254 0.247254
0.258258 0.207365
0.262262 0.170611
0.266266 0.137136
0.270270 0.107074
0.274274 0.080543
0.278278 0.057648
0.282282 0.038479
0.286286 0.023112
0.290290 0.011609
0.294294 0.004014
0.298298 0.000357
0.302302 0.000654
0.306306 0.004902
0.310310 0.013086
0.314314 0.025172
0.318318 0.041113
0.322322 0.060846
0.326326 0.084293
0.330330 0.111361
0.334334 0.141943
0.338338 0.175918
0.342342 0.213152
0.346346 0.253498
0.350350 0.296795
0.354354 0.342874
0.358358 0.391550
0.362362 0.442633
0.366366 0.495920
0.370370 0.551201
0.374374 0.608256
0.378378 0.666860
0.382382 0.726782
0.386386 0.787784
0.390390 0.849625
0.394394 0.912061
0.398398 0.974845
0.402402 1.037728
0.406406 1.100462
0.410410 1.162799
0.414414 1.224491
0.418418 1.285297
0.422422 1.344974
0.426426 1.403286
0.430430 1.460004
0.434434 1.514903
0.438438 1.567766
0.442442 1.618384
0.446446 1.666556
0.450450 1.712092
0.454454 1.754813
0.458458 1.794548
0.462462 1.831142
0.466466 1.864449
0.470470 1.894337
0.474474 1.920689
0.478478 1.943400
0.482482 1.962381
0.486486 1.977555
0.490490 1.988864
0.494494 1.996263
0.498498 1.999722
0.502503 1.999227
0.506507 1.994782
0.510511 1.986402
0.514515 1.974122
0.518519 1.957990
0.522523 1.938069
0.526527 1.914439
0.530531 1.887192
0.534535 1.856438
0.538539 1.822296
0.542543 1.784903
0.546547 1.744406
0.550551 1.700965
0.554555 1.654753
0.558559 1.605951
0.562563 1.554753
0.566567 1.501361
0.570571 1.445987
0.574575 1.388849
0.578579 1.330173
0.582583 1.270192
0.586587 1.209142
0.590591 1.147265
0.594595 1.084806
0.598599 1.022011
0.602603 0.959130
0.606607 0.896410
0.610611 0.834100
0.614615 0.772445
0.618619 0.711691
0.622623 0.652076
0.626627 0.593838
0.630631 0.537206
0.634635 0.482403
0.638639 0.429648
0.642643 0.379148
0.646647 0.331103
0.650651 0.285703
0.654655 0.243128
0.658659 0.203546
0.662663 0.167114
0.666667 0.133975
0.670671 0.104260
0.674675 0.078088
0.678679 0.055562
0.682683 0.036770
0.686687 0.021787
0.690691 0.010673
0.694695 0.003470
0.698699 0.000209
0.702703 0.000901
0.706707 0.005544
0.710711 0.014120
0.714715 0.026594
0.718719 0.042917
0.722723 0.063025
0.726727 0.086839
0.730731 0.114263
0.734735 0.145190
0.738739 0.179497
0.742743 0.217049
0.746747 0.257697
0.750751 0.301281
0.754755 0.347627
0.758759 0.396554
0.762763 0.447866
0.766767 0.501362
0.770771 0.556830
0.774775 0.614050
0.778779 0.672797
0.782783 0.732837
0.786787 0.793934
0.790791 0.855846
0.794795 0.918328
0.798799 0.981133
0.802803 1.044012
0.806807 1.106717
0.810811 1.169001
0.814815 1.230616
0.818819 1.291319
0.822823 1.350870
0.826827 1.409034
0.830831 1.465580
0.834835 1.520285
0.838839 1.572932
0.842843 1.623314
0.846847 1.671231
0.850851 1.716494
0.854855 1.758923
0.858859 1.798352
0.862863 1.834623
0.866867 1.867593
0.870871 1.897133
0.874875 1.923126
0.878879 1.945467
0.882883 1.964070
0.886887 1.978861
0.890891 1.989781
0.894895 1.996786
0.898899 1.999850
0.902903 1.998961
0.906907 1.994120
0.910911 1.985349
0.914915 1.972681
0.918919 1.956167
0.922923 1.935871
0.926927 1.911875
0.930931 1.884273
0.934935 1.853174
0.938939 1.818701
0.942943 1.780990
0.946947 1.740192
0.950951 1.696466
0.954955 1.649986
0.958959 1.600936
0.962963 1.549509
0.966967 1.495909
0.970971 1.440349
0.974975 1.383047
0.978979 1.324230
0.982983 1.264131
0.986987 1.202987
0.990991 1.141041
0.994995 1.078537
0.998999 1.015723
1.003003 0.952846
1.007007 0.890156
1.011011 0.827901
1.015015 0.766325
1.019019 0.705674
1.023023 0.646187
1.027027 0.588099
1.031031 0.531639
1.035035 0.477032
1.039039 0.424493
1.043043 0.374230
1.047047 0.326441
1.051051 0.281316
1.055055 0.239033
1.059059 0.199759
1.063063 0.163649
1.067067 0.130847
1.071071 0.101482
1.075075 0.075670
1.079079 0.053513
1.083083 0.035099
1.087087 0.020501
1.091091 0.009776
1.095095 0.002967
1.099099 0.000100
1.103103 0.001188
1.107107 0.006225
1.111111 0.015192
1.115115 0.028054
1.119119 0.044759
1.123123 0.065241
1.127127 0.089420
1.131131 0.117200
1.135135 0.148471
1.139139 0.183109
1.143143 0.220977
1.147147 0.261926
1.151151 0.305794
1.155155 0.352407
1.159159 0.401581
1.163163 0.453121
1.167167 0.506824
1.171171 0.562477
1.175175 0.619860
1.179179 0.678747
1.183183 0.738903
1.187187 0.800093
1.191191 0.862073
1.195195 0.924598
1.199199 0.987421
1.203203 1.050295
1.207207 1.112969
1.211211 1.175196
1.215215 1.236731
1.219219 1.297330
1.223223 1.356753
1.227227 1.414765
1.231231 1.471137
1.235235 1.525646
1.239239 1.578076
1.243243 1.628220
1.247247 1.675880
1.251251 1.720867
1.255255 1.763004
1.259259 1.802123
1.263263 1.838071
1.267267 1.870704
1.271271 1.899894
1.275275 1.925526
1.279279 1.947497
1.283283 1.965722
1.287287 1.980128
1.291291 1.990658
1.295295 1.997271
1.299299 1.999939
1.303303 1.998654
1.307307 1.993420
1.311311 1.984257
1.315315 1.971202
1.319319 1.954306
1.323323 1.933637
1.327327 1.909275
1.331331 1.881318
1.335335 1.849876
1.339339 1.815073
1.343343 1.777047
1.347347 1.735948
1.351351 1.691939
1.355355 1.645193
1.359359 1.595897
1.363363 1.544243
1.367367 1.490438
1.371371 1.434693
1.375375 1.377229
1.379379 1.318274
1.383383 1.258060
1.387387 1.196825
1.391391 1.134812
1.395395 1.072266
1.399399 1.009434
1.403403 0.946565
1.407407 0.883907
1.411411 0.821708
1.415415 0.760215
1.419419 0.699669
1.423423 0.640311
1.427427 0.582376
1.431431 0.526092
1.435435 0.471682
1.439439 0.419361
1.443443 0.369336
1.447447 0.321806
1.451451 0.276957
1.455455 0.234967
1.459459 0.196003
1.463463 0.160218
1.467467 0.127754
1.471471 0.098739
1.475475 0.073288
1.479479 0.051502
1.483483 0.033466
1.487487 0.019253
1.491491 0.008918
1.495495 0.002502
1.499499 0.000031
1.503504 0.001514
1.507508 0.006945
1.511512 0.016304
1.515516 0.029552
1.519520 0.046638
1.523524 0.067494
1.527528 0.092038
1.531532 0.120172
1.535536 0.151785
1.539540 0.186753
1.543544 0.224936
1.547548 0.266185
1.551552 0.310335
1.555556 0.357212
1.559560 0.406632
1.563564 0.458398
1.567568 0.512305
1.571572 0.568141
1.575576 0.625685
1.579580 0.684709
1.583584 0.744980
1.587588 0.806259
1.591592 0.868305
1.595596 0.930871
1.599600 0.993711
1.603604 1.056575
1.607608 1.119216
1.611612 1.181385
1.615616 1.242837
1.619620 1.303329
1.623624 1.362621
1.627628 1.420480
1.631632 1.476675
1.635636 1.530986
1.639640 1.583196
1.643644 1.633101
1.647648 1.680502
1.651652 1.725212
1.655656 1.767054
1.659660 1.805863
1.663664 1.841485
1.667668 1.873780
1.671672 1.902619
1.675676 1.927889
1.679680 1.949490
1.683684 1.967336
1.687688 1.981356
1.691692 1.991496
1.695696 1.997715
1.699700 1.999989
1.703704 1.998308
1.707708 1.992680
1.711712 1.983126
1.715716 1.969684
1.719720 1.952408
1.723724 1.931365
1.727728 1.906640
1.731732 1.878329
1.735736 1.846545
1.739740 1.811413
1.743744 1.773073
1.747748 1.731675
1.751752 1.687384
1.755756 1.640375
1.759760 1.590834
1.763764 1.538956
1.767768 1.484947
1.771772 1.429020
1.775776 1.371397
1.779780 1.312305
1.783784 1.251978
1.787788 1.190655
1.791792 1.128577
1.795796 1.065991
1.799800 1.003145
1.803804 0.940286
1.807808 0.877662
1.811812 0.815523
1.815816 0.754113
1.819820 0.693676
1.823824 0.634450
1.827828 0.576669
1.831832 0.520563
1.835836 0.466352
1.839840 0.414252
1.843844 0.364468
1.847848 0.317197
1.851852 0.272626
1.855856 0.230932
1.859860 0.192279
1.863864 0.156820
1.867868 0.124695
1.871872 0.096032
1.875876 0.070943
1.879880 0.049528
1.883884 0.031872
1.887888 0.018044
1.891892 0.008100
1.895896 0.002077
1.899900 0.000001
1.903904 0.001880
1.907908 0.007705
1.911912 0.017454
1.915916 0.031089
1.919920 0.048556
1.923924 0.069784
1.927928 0.094692
1.931932 0.123179
1.935936 0.155133
1.939940 0.190429
1.943944 0.228926
1.947948 0.270472
1.951952 0.314903
1.955956 0.362043
1.959960 0.411706
1.963964 0.463695
1.967968 0.517805
1.971972 0.573822
1.975976 0.631525
1.979980 0.690684
1.983984 0.751066
1.987988 0.812433
1.991992 0.874542
1.995996 0.937147
2.000000 1.000000
