-2.000000 1.000000
-1.995996 1.125458
-1.991992 1.248934
-1.987988 1.368475
-1.983984 1.482195
-1.979980 1.588294
-1.975976 1.685097
-1.971972 1.771074
-1.967968 1.844867
-1.963964 1.905308
-1.959960 1.951444
-1.955956 1.982546
-1.951952 1.998120
-1.947948 1.997923
-1.943944 1.981956
-1.939940 1.950472
-1.935936 1.903968
-1.931932 1.843180
-1.927928 1.769068
-1.923924 1.682803
-1.919920 1.585748
-1.915916 1.479437
-1.911912 1.365550
-1.907908 1.245887
-1.903904 1.122338
-1.899900 0.996855
-1.895896 0.871423
-1.891892 0.748022
-1.887888 0.628603
-1.883884 0.515053
-1.879880 0.409166
-1.875876 0.312616
-1.871872 0.226927
-1.867868 0.153455
-1.863864 0.093360
-1.859860 0.047592
-1.855856 0.016874
-1.851852 0.001692
-1.847848 0.002285
-1.843844 0.018644
-1.839840 0.050510
-1.835836 0.097381
-1.831832 0.158515
-1.827828 0.232946
-1.823824 0.319498
-1.819820 0.416804
-1.815816 0.523325
-1.811812 0.637379
-1.807808 0.757163
-1.803804 0.880784
-1.799800 1.006289
-1.795796 1.131695
-1.791792 1.255020
-1.787788 1.374315
-1.783784 1.487695
-1.779780 1.593368
-1.775776 1.689665
-1.771772 1.775064
-1.767768 1.848215
-1.763764 1.907962
-1.759760 1.953362
-1.755756 1.983696
-1.751752 1.998486
-1.747748 1.997498
-1.743744 1.980747
-1.739740 1.948498
-1.735736 1.901261
-1.731732 1.839782
-1.727728 1.765033
-1.723724 1.678194
-1.719720 1.580639
-1.715716 1.473908
-1.711712 1.359689
-1.707708 1.239785
-1.703704 1.116093
-1.699700 0.990566
-1.695696 0.865188
-1.691692 0.741940
-1.687688 0.622771
-1.683684 0.509562
-1.679680 0.404103
-1.675676 0.308061
-1.671672 0.222953
-1.667668 0.150124
-1.663664 0.090725
-1.659660 0.045694
-1.655656 0.015743
-1.651652 0.001346
-1.647648 0.002729
-1.643644 0.019872
-1.639640 0.052503
-1.635636 0.100106
-1.631632 0.161929
-1.627628 0.236996
-1.623624 0.324120
-1.619620 0.421924
-1.615616 0.528863
-1.611612 0.643247
-1.607608 0.763269
-1.603604 0.887031
-1.599600 1.012579
-1.595596 1.137927
-1.591592 1.261097
-1.587588 1.380140
-1.583584 1.493176
-1.579580 1.598419
-1.575576 1.694206
-1.571572 1.779023
-1.567568 1.851529
-1.563564 1.910580
-1.559560 1.955241
-1.555556 1.984808
-1.551552 1.998812
-1.547548 1.997033
-1.543544 1.979499
-1.539540 1.946487
-1.535536 1.898518
-1.531532 1.836351
-1.527528 1.760967
-1.523524 1.673559
-1.519520 1.575507
-1.515516 1.468361
-1.511512 1.353813
-1.507508 1.233675
-1.503504 1.109844
-1.499499 0.984277
-1.495495 0.858959
-1.491491 0.735869
-1.487487 0.616953
-1.483483 0.504091
-1.479479 0.399064
-1.475475 0.303534
-1.471471 0.219010
-1.467467 0.146826
-1.463463 0.088125
-1.459459 0.043833
-1.455455 0.014651
-1.451451 0.001039
-1.447447 0.003214
-1.443443 0.021139
-1.439439 0.054533
-1.435435 0.102867
-1.431431 0.165377
-1.427427 0.241077
-1.423423 0.328769
-1.419419 0.427068
-1.415415 0.534420
-1.411411 0.649130
-1.407407 0.769384
-1.403403 0.893283
-1.399399 1.018867
-1.395395 1.144154
-1.391391 1.267163
-1.387387 1.385950
-1.383383 1.498638
-1.379379 1.603446
-1.375375 1.698719
-1.371371 1.782951
-1.367367 1.854810
-1.363363 1.913161
-1.359359 1.957083
-1.355355 1.985880
-1.351351 1.999099
-1.347347 1.996530
-1.343343 1.978213
-1.339339 1.944438
-1.335335 1.895740
-1.331331 1.832886
-1.327327 1.756872
-1.323323 1.668897
-1.319319 1.570352
-1.315315 1.462794
-1.311311 1.347924
-1.307307 1.227555
-1.303303 1.103590
-1.299299 0.977989
-1.295295 0.852735
-1.291291 0.729808
-1.287287 0.611151
-1.283283 0.498639
-1.279279 0.394049
-1.275275 0.299035
-1.271271 0.215097
-1.267267 0.143562
-1.263263 0.085561
-1.259259 0.042010
-1.255255 0.013598
-1.251251 0.000773
-1.247247 0.003737
-1.243243 0.022445
-1.239239 0.056600
-1.235235 0.105663
-1.231231 0.168858
-1.227227 0.245187
-1.223223 0.333444
-1.219219 0.432234
-1.215215 0.539996
-1.211211 0.655026
-1.207207 0.775509
-1.203203 0.899538
-1.199199 1.025155
-1.195195 1.150375
-1.191191 1.273218
-1.187187 1.391744
-1.183183 1.504080
-1.179179 1.608450
-1.175175 1.703205
-1.171171 1.786848
-1.167167 1.858057
-1.163163 1.915707
-1.159159 1.958887
-1.155155 1.986914
-1.151151 1.999346
-1.147147 1.995986
-1.143143 1.976888
-1.139139 1.942352
-1.135135 1.892926
-1.131131 1.829389
-1.127127 1.752746
-1.123123 1.664208
-1.119119 1.565175
-1.115115 1.457210
-1.111111 1.342020
-1.107107 1.221426
-1.103103 1.097333
-1.099099 0.971701
-1.095095 0.846517
-1.091091 0.723758
-1.087087 0.605364
-1.083083 0.493207
-1.079079 0.389058
-1.075075 0.294563
-1.071071 0.211215
-1.067067 0.140332
-1.063063 0.083034
-1.059059 0.040226
-1.055055 0.012584
-1.051051 0.000545
-1.047047 0.004300
-1.043043 0.023789
-1.039039 0.058704
-1.035035 0.108494
-1.031031 0.172372
-1.027027 0.249328
-1.023023 0.338146
-1.019019 0.437423
-1.015015 0.545589
-1.011011 0.660937
-1.007007 0.781642
-1.003003 0.905798
-0.998999 1.031442
-0.994995 1.156590
-0.990991 1.279263
-0.986987 1.397523
-0.982983 1.509502
-0.978979 1.613429
-0.974975 1.707662
-0.970971 1.790714
-0.966967 1.861270
-0.962963 1.918216
-0.958959 1.960653
-0.954955 1.987909
-0.950951 1.999554
-0.946947 1.995404
-0.942943 1.975524
-0.938939 1.940229
-0.934935 1.890077
-0.930931 1.825859
-0.926927 1.748591
-0.922923 1.659494
-0.918919 1.559975
-0.914915 1.451607
-0.910911 1.336103
-0.906907 1.215288
-0.902903 1.091071
-0.898899 0.965415
-0.894895 0.840305
-0.890891 0.717719
-0.886887 0.599593
-0.882883 0.487795
-0.878879 0.384091
-0.874875 0.290119
-0.870871 0.207365
-0.866867 0.137136
-0.862863 0.080543
-0.858859 0.038479
-0.854855 0.011609
-0.850851 0.000357
-0.846847 0.004902
-0.842843 0.025172
-0.838839 0.060846
-0.834835 0.111361
-0.830831 0.175918
-0.826827 0.253498
-0.822823 0.342874
-0.818819 0.442633
-0.814815 0.551201
-0.810811 0.666860
-0.806807 0.787784
-0.802803 0.912061
-0.798799 1.037728
-0.794795 1.162799
-0.790791 1.285297
-0.786787 1.403286
-0.782783 1.514903
-0.778779 1.618384
-0.774775 1.712092
-0.770771 1.794548
-0.766767 1.864449
-0.762763 1.920689
-0.758759 1.962381
-0.754755 1.988864
-0.750751 1.999722
-0.746747 1.994782
-0.742743 1.974122
-0.738739 1.938069
-0.734735 1.887192
-0.730731 1.822296
-0.726727 1.744406
-0.722723 1.654753
-0.718719 1.554753
-0.714715 1.445987
-0.710711 1.330173
-0.706707 1.209142
-0.702703 1.084806
-0.698699 0.959130
-0.694695 0.834100
-0.690691 0.711691
-0.686687 0.593838
-0.682683 0.482403
-0.678679 0.379148
-0.674675 0.285703
-0.670671 0.203546
-0.666667 0.133975
-0.662663 0.078088
-0.658659 0.036770
-0.654655 0.010673
-0.650651 0.000209
-0.646647 0.005544
-0.642643 0.026594
-0.638639 0.063025
-0.634635 0.114263
-0.630631 0.179497
-0.626627 0.257697
-0.622623 0.347627
-0.618619 0.447866
-0.614615 0.556830
-0.610611 0.672797
-0.606607 0.793934
-0.602603 0.918328
-0.598599 1.044012
-0.594595 1.169001
-0.590591 1.291319
-0.586587 1.409034
-0.582583 1.520285
-0.578579 1.623314
-0.574575 1.716494
-0.570571 1.798352
-0.566567 1.867593
-0.562563 1.923126
-0.558559 1.964070
-0.554555 1.989781
-0.550551 1.999850
-0.546547 1.994120
-0.542543 1.972681
-0.538539 1.935871
-0.534535 1.884273
-0.530531 1.818701
-0.526527 1.740192
-0.522523 1.649986
-0.518519 1.549509
-0.514515 1.440349
-0.510511 1.324230
-0.506507 1.202987
-0.502503 1.078537
-0.498498 0.952846
-0.494494 0.827901
-0.490490 0.705674
-0.486486 0.588099
-0.482482 0.477032
-0.478478 0.374230
-0.474474 0.281316
-0.470470 0.199759
-0.466466 0.130847
-0.462462 0.075670
-0.458458 0.035099
-0.454454 0.009776
-0.450450 0.000100
-0.446446 0.006225
-0.442442 0.028054
-0.438438 0.065241
-0.434434 0.117200
-0.430430 0.183109
-0.426426 0.261926
-0.422422 0.352407
-0.418418 0.453121
-0.414414 0.562477
-0.410410 0.678747
-0.406406 0.800093
-0.402402 0.924598
-0.398398 1.050295
-0.394394 1.175196
-0.390390 1.297330
-0.386386 1.414765
-0.382382 1.525646
-0.378378 1.628220
-0.374374 1.720867
-0.370370 1.802123
-0.366366 1.870704
-0.362362 1.925526
-0.358358 1.965722
-0.354354 1.990658
-0.350350 1.999939
-0.346346 1.993420
-0.342342 1.971202
-0.338338 1.933637
-0.334334 1.881318
-0.330330 1.815073
-0.326326 1.735948
-0.322322 1.645193
-0.318318 1.544243
-0.314314 1.434693
-0.310310 1.318274
-0.306306 1.196825
-0.302302 1.072266
-0.298298 0.946565
-0.294294 0.821708
-0.290290 0.699669
-0.286286 0.582376
-0.282282 0.471682
-0.278278 0.369336
-0.274274 0.276957
-0.270270 0.196003
-0.266266 0.127754
-0.262262 0.073288
-0.258258 0.033466
-0.254254 0.008918
-0.250250 0.000031
-0.246246 0.006945
-0.242242 0.029552
-0.238238 0.067494
-0.234234 0.120172
-0.230230 0.186753
-0.226226 0.266185
-0.222222 0.357212
-0.218218 0.458398
-0.214214 0.568141
-0.210210 0.684709
-0.206206 0.806259
-0.202202 0.930871
-0.198198 1.056575
-0.194194 1.181385
-0.190190 1.303329
-0.186186 1.420480
-0.182182 1.530986
-0.178178 1.633101
-0.174174 1.725212
-0.170170 1.805863
-0.166166 1.873780
-0.162162 1.927889
-0.158158 1.967336
-0.154154 1.991496
-0.150150 1.999989
-0.146146 1.992680
-0.142142 1.969684
-0.138138 1.931365
-0.134134 1.878329
-0.130130 1.811413
-0.126126 1.731675
-0.122122 1.640375
-0.118118 1.538956
-0.114114 1.429020
-0.110110 1.312305
-0.106106 1.190655
-0.102102 1.065991
-0.098098 0.940286
-0.094094 0.815523
-0.090090 0.693676
-0.086086 0.576669
-0.082082 0.466352
-0.078078 0.364468
-0.074074 0.272626
-0.070070 0.192279
-0.066066 0.124695
-0.062062 0.070943
-0.058058 0.031872
-0.054054 0.008100
-0.050050 0.000001
-0.046046 0.007705
-0.042042 0.031089
-0.038038 0.069784
-0.034034 0.123179
-0.030030 0.190429
-0.026026 0.270472
-0.022022 0.362043
-0.018018 0.463695
-0.014014 0.573822
-0.010010 0.690684
-0.006006 0.812433
-0.002002 0.937147
0.002002 1.062853
0.006006 1.187567
0.010010 1.309316
0.014014 1.426178
0.018018 1.536305
0.022022 1.637957
0.026026 1.729528
0.030030 1.809571
0.034034 1.876821
0.038038 1.930216
0.042042 1.968911
0.046046 1.992295
0.050050 1.999999
0.054054 1.991900
0.058058 1.968128
0.062062 1.929057
0.066066 1.875305
0.070070 1.807721
0.074074 1.727374
0.078078 1.635532
0.082082 1.533648
0.086086 1.423331
0.090090 1.306324
0.094094 1.184477
0.098098 1.059714
0.102102 0.934009
0.106106 0.809345
0.110110 0.687695
0.114114 0.570980
0.118118 0.461044
0.122122 0.359625
0.126126 0.268325
0.130130 0.188587
0.134134 0.121671
0.138138 0.068635
0.142142 0.030316
0.146146 0.007320
0.150150 0.000011
0.154154 0.008504
0.158158 0.032664
0.162162 0.072111
0.166166 0.126220
0.170170 0.194137
0.174174 0.274788
0.178178 0.366899
0.182182 0.469014
0.186186 0.579520
0.190190 0.696671
0.194194 0.818615
0.198198 0.943425
0.202202 1.069129
0.206206 1.193741
0.210210 1.315291
0.214214 1.431859
0.218218 1.541602
0.222222 1.642788
0.226226 1.733815
0.230230 1.813247
0.234234 1.879828
0.238238 1.932506
0.242242 1.970448
0.246246 1.993055
0.250250 1.999969
0.254254 1.991082
0.258258 1.966534
0.262262 1.926712
0.266266 1.872246
0.270270 1.803997
0.274274 1.723043
0.278278 1.630664
0.282282 1.528318
0.286286 1.417624
0.290290 1.300331
0.294294 1.178292
0.298298 1.053435
0.302302 0.927734
0.306306 0.803175
0.310310 0.681726
0.314314 0.565307
0.318318 0.455757
0.322322 0.354807
0.326326 0.264052
0.330330 0.184927
0.334334 0.118682
0.338338 0.066363
0.342342 0.028798
0.346346 0.006580
0.350350 0.000061
0.354354 0.009342
0.358358 0.034278
0.362362 0.074474
0.366366 0.129296
0.370370 0.197877
0.374374 0.279133
0.378378 0.371780
0.382382 0.474354
0.386386 0.585235
0.390390 0.702670
0.394394 0.824804
0.398398 0.949705
0.402402 1.075402
0.406406 1.199907
0.410410 1.321253
0.414414 1.437523
0.418418 1.546879
0.422422 1.647593
0.426426 1.738074
0.430430 1.816891
0.434434 1.882800
0.438438 1.934759
0.442442 1.971946
0.446446 1.993775
0.450450 1.999900
0.454454 1.990224
0.458458 1.964901
0.462462 1.924330
0.466466 1.869153
0.470470 1.800241
0.474474 1.718684
0.478478 1.625770
0.482482 1.522968
0.486486 1.411901
0.490490 1.294326
0.494494 1.172099
0.498498 1.047154
0.502503 0.921463
0.506507 0.797013
0.510511 0.675770
0.514515 0.559651
0.518519 0.450491
0.522523 0.350014
0.526527 0.259808
0.530531 0.181299
0.534535 0.115727
0.538539 0.064129
0.542543 0.027319
0.546547 0.005880
0.550551 0.000150
0.554555 0.010219
0.558559 0.035930
0.562563 0.076874
0.566567 0.132407
0.570571 0.201648
0.574575 0.283506
0.578579 0.376686
0.582583 0.479715
0.586587 0.590966
0.590591 0.708681
0.594595 0.830999
0.598599 0.955988
0.602603 1.081672
0.606607 1.206066
0.610611 1.327203
0.614615 1.443170
0.618619 1.552134
0.622623 1.652373
0.626627 1.742303
0.630631 1.820503
0.634635 1.885737
0.638639 1.936975
0.642643 1.973406
0.646647 1.994456
0.650651 1.999791
0.654655 1.989327
0.658659 1.963230
0.662663 1.921912
0.666667 1.866025
0.670671 1.796454
0.674675 1.714297
0.678679 1.620852
0.682683 1.517597
0.686687 1.406162
0.690691 1.288309
0.694695 1.165900
0.698699 1.040870
0.702703 0.915194
0.706707 0.790858
0.710711 0.669827
0.714715 0.554013
0.718719 0.445247
0.722723 0.345247
0.726727 0.255594
0.730731 0.177704
0.734735 0.112808
0.738739 0.061931
0.742743 0.025878
0.746747 0.005218
0.750751 0.000278
0.754755 0.011136
0.758759 0.037619
0.762763 0.079311
0.766767 0.135551
0.770771 0.205452
0.774775 0.287908
0.778779 0.381616
0.782783 0.485097
0.786787 0.596714
0.790791 0.714703
0.794795 0.837201
0.798799 0.962272
0.802803 1.087939
0.806807 1.212216
0.810811 1.333140
0.814815 1.448799
0.818819 1.557367
0.822823 1.657126
0.826827 1.746502
0.830831 1.824082
0.834835 1.888639
0.838839 1.939154
0.842843 1.974828
0.846847 1.995098
0.850851 1.999643
0.854855 1.988391
0.858859 1.961521
0.862863 1.919457
0.866867 1.862864
0.870871 1.792635
0.874875 1.709881
0.878879 1.615909
0.882883 1.512205
0.886887 1.400407
0.890891 1.282281
0.894895 1.159695
0.898899 1.034585
0.902903 0.908929
0.906907 0.784712
0.910911 0.663897
0.914915 0.548393
0.918919 0.440025
0.922923 0.340506
0.926927 0.251409
0.930931 0.174141
0.934935 0.109923
0.938939 0.059771
0.942943 0.024476
0.946947 0.004596
0.950951 0.000446
0.954955 0.012091
0.958959 0.039347
0.962963 0.081784
0.966967 0.138730
0.970971 0.209286
0.974975 0.292338
0.978979 0.386571
0.982983 0.490498
0.986987 0.602477
0.990991 0.720737
0.994995 0.843410
0.998999 0.968558
1.003003 1.094202
1.007007 1.218358
1.011011 1.339063
1.015015 1.454411
1.019019 1.562577
1.023023 1.661854
1.027027 1.750672
1.031031 1.827628
1.035035 1.891506
1.039039 1.941296
1.043043 1.976211
1.047047 1.995700
1.051051 1.999455
1.055055 1.987416
1.059059 1.959774
1.063063 1.916966
1.067067 1.859668
1.071071 1.788785
1.075075 1.705437
1.079079 1.610942
1.083083 1.506793
1.087087 1.394636
1.091091 1.276242
1.095095 1.153483
1.099099 1.028299
1.103103 0.902667
1.107107 0.778574
1.111111 0.657980
1.115115 0.542790
1.119119 0.434825
1.123123 0.335792
1.127127 0.247254
1.131131 0.170611
1.135135 0.107074
1.139139 0.057648
1.143143 0.023112
1.147147 0.004014
1.151151 0.000654
1.155155 0.013086
1.159159 0.041113
1.163163 0.084293
1.167167 0.141943
1.171171 0.213152
1.175175 0.296795
1.179179 0.391550
1.183183 0.495920
1.187187 0.608256
1.191191 0.726782
1.195195 0.849625
1.199199 0.974845
1.203203 1.100462
1.207207 1.224491
1.211211 1.344974
1.215215 1.460004
1.219219 1.567766
1.223223 1.666556
1.227227 1.754813
1.231231 1.831142
1.235235 1.894337
1.239239 1.943400
1.243243 1.977555
1.247247 1.996263
1.251251 1.999227
1.255255 1.986402
1.259259 1.957990
1.263263 1.914439
1.267267 1.856438
1.271271 1.784903
1.275275 1.700965
1.279279 1.605951
1.283283 1.501361
1.287287 1.388849
1.291291 1.270192
1.295295 1.147265
1.299299 1.022011
1.303303 0.896410
1.307307 0.772445
1.311311 0.652076
1.315315 0.537206
1.319319 0.429648
1.323323 0.331103
1.327327 0.243128
1.331331 0.167114
1.335335 0.104260
1.339339 0.055562
1.343343 0.021787
1.347347 0.003470
1.351351 0.000901
1.355355 0.014120
1.359359 0.042917
1.363363 0.086839
1.367367 0.145190
1.371371 0.217049
1.375375 0.301281
1.379379 0.396554
1.383383 0.501362
1.387387 0.614050
1.391391 0.732837
1.395395 0.855846
1.399399 0.981133
1.403403 1.106717
1.407407 1.230616
1.411411 1.350870
1.415415 1.465580
1.419419 1.572932
1.423423 1.671231
1.427427 1.758923
1.431431 1.834623
1.435435 1.897133
1.439439 1.945467
1.443443 1.978861
1.447447 1.996786
1.451451 1.998961
1.455455 1.985349
1.459459 1.956167
1.463463 1.911875
1.467467 1.853174
1.471471 1.780990
1.475475 1.696466
1.479479 1.600936
1.483483 1.495909
1.487487 1.383047
1.491491 1.264131
1.495495 1.141041
1.499499 1.015723
1.503504 0.890156
1.507508 0.766325
1.511512 0.646187
1.515516 0.531639
1.519520 0.424493
1.523524 0.326441
1.527528 0.239033
1.531532 0.163649
1.535536 0.101482
1.539540 0.053513
1.543544 0.020501
1.547548 0.002967
1.551552 0.001188
1.555556 0.015192
1.559560 0.044759
1.563564 0.089420
1.567568 0.148471
1.571572 0.220977
1.575576 0.305794
1.579580 0.401581
1.583584 0.506824
1.587588 0.619860
1.591592 0.738903
1.595596 0.862073
1.599600 0.987421
1.603604 1.112969
1.607608 1.236731
1.611612 1.356753
1.615616 1.471137
1.619620 1.578076
1.623624 1.675880
1.627628 1.763004
1.631632 1.838071
1.635636 1.899894
1.639640 1.947497
1.643644 1.980128
1.647648 1.997271
1.651652 1.998654
1.655656 1.984257
1.659660 1.954306
1.663664 1.909275
1.667668 1.849876
1.671672 1.777047
1.675676 1.691939
1.679680 1.595897
1.683684 1.490438
1.687688 1.377229
1.691692 1.258060
1.695696 1.134812
1.699700 1.009434
1.703704 0.883907
1.707708 0.760215
1.711712 0.640311
1.715716 0.526092
1.719720 0.419361
1.723724 0.321806
1.727728 0.234967
1.731732 0.160218
1.735736 0.098739
1.739740 0.051502
1.743744 0.019253
1.747748 0.002502
1.751752 0.001514
1.755756 0.016304
1.759760 0.046638
1.763764 0.092038
1.767768 0.151785
1.771772 0.224936
1.775776 0.310335
1.779780 0.406632
1.783784 0.512305
1.787788 0.625685
1.791792 0.744980
1.795796 0.868305
1.799800 0.993711
1.803804 1.119216
1.807808 1.242837
1.811812 1.362621
1.815816 1.476675
1.819820 1.583196
1.823824 1.680502
1.827828 1.767054
1.831832 1.841485
1.835836 1.902619
1.839840 1.949490
1.843844 1.981356
1.847848 1.997715
1.851852 1.998308
1.855856 1.983126
1.859860 1.952408
1.863864 1.906640
1.867868 1.846545
1.871872 1.773073
1.875876 1.687384
1.879880 1.590834
1.883884 1.484947
1.887888 1.371397
1.891892 1.251978
1.895896 1.128577
1.899900 1.003145
1.903904 0.877662
1.907908 0.754113
1.911912 0.634450
1.915916 0.520563
1.919920 0.414252
1.923924 0.317197
1.927928 0.230932
1.931932 0.156820
1.935936 0.096032
1.939940 0.049528
1.943944 0.018044
1.947948 0.002077
1.951952 0.001880
1.955956 0.017454
1.959960 0.048556
1.963964 0.094692
1.967968 0.155133
1.971972 0.228926
1.975976 0.314903
1.979980 0.411706
1.983984 0.517805
1.987988 0.631525
1.991992 0.751066
1.995996 0.874542
2.000000 1.000000
