-2.000000 0.000000
-1.959596 0.000503
-1.919192 0.002013
-1.878788 0.004528
-1.838384 0.008045
-1.797980 0.012561
-1.757576 0.018071
-1.717172 0.024570
-1.676768 0.032051
-1.636364 0.040507
-1.595960 0.049929
-1.555556 0.060307
-1.515152 0.071632
-1.474747 0.083892
-1.434343 0.097073
-1.393939 0.111165
-1.353535 0.126151
-1.313131 0.142017
-1.272727 0.158746
-1.232323 0.176323
-1.191919 0.194730
-1.151515 0.213947
-1.111111 0.233956
-1.070707 0.254736
-1.030303 0.276266
-0.989899 0.298525
-0.949495 0.321491
-0.909091 0.345139
-0.868687 0.369447
-0.828283 0.394390
-0.787879 0.419943
-0.747475 0.446080
-0.707071 0.472775
-0.666667 0.500000
-0.626263 0.527729
-0.585859 0.555933
-0.545455 0.584585
-0.505051 0.613655
-0.464646 0.643114
-0.424242 0.672932
-0.383838 0.703080
-0.343434 0.733526
-0.303030 0.764241
-0.262626 0.795193
-0.222222 0.826352
-0.181818 0.857685
-0.141414 0.889162
-0.101010 0.920750
-0.060606 0.952418
-0.020202 0.984134
0.020202 1.015866
0.060606 1.047582
0.101010 1.079250
0.141414 1.110838
0.181818 1.142315
0.222222 1.173648
0.262626 1.204807
0.303030 1.235759
0.343434 1.266474
0.383838 1.296920
0.424242 1.327068
0.464646 1.356886
0.505051 1.386345
0.545455 1.415415
0.585859 1.444067
0.626263 1.472271
0.666667 1.500000
0.707071 1.527225
0.747475 1.553920
0.787879 1.580057
0.828283 1.605610
0.868687 1.630553
0.909091 1.654861
0.949495 1.678509
0.989899 1.701475
1.030303 1.723734
1.070707 1.745264
1.111111 1.766044
1.151515 1.786053
1.191919 1.805270
1.232323 1.823677
1.272727 1.841254
1.313131 1.857983
1.353535 1.873849
1.393939 1.888835
1.434343 1.902927
1.474747 1.916108
1.515152 1.928368
1.555556 1.939693
1.595960 1.950071
1.636364 1.959493
1.676768 1.967949
1.717172 1.975430
1.757576 1.981929
1.797980 1.987439
1.838384 1.991955
1.878788 1.995472
1.919192 1.997987
1.959596 1.999497
2.000000 2.000000
