-2.000000 1.000000
-1.959596 0.810749
-1.919192 0.628338
-1.878788 0.459359
-1.838384 0.309921
-1.797980 0.185424
-1.757576 0.090368
-1.717172 0.028188
-1.676768 0.001133
-1.636364 0.010179
-1.595960 0.054999
-1.555556 0.133975
-1.515152 0.244250
-1.474747 0.381841
-1.434343 0.541773
-1.393939 0.718267
-1.353535 0.904944
-1.313131 1.095056
-1.272727 1.281733
-1.232323 1.458227
-1.191919 1.618159
-1.151515 1.755750
-1.111111 1.866025
-1.070707 1.945001
-1.030303 1.989821
-0.989899 1.998867
-0.949495 1.971812
-0.909091 1.909632
-0.868687 1.814576
-0.828283 1.690079
-0.787879 1.540641
-0.747475 1.371662
-0.707071 1.189251
-0.666667 1.000000
-0.626263 0.810749
-0.585859 0.628338
-0.545455 0.459359
-0.505051 0.309921
-0.464646 0.185424
-0.424242 0.090368
-0.383838 0.028188
-0.343434 0.001133
-0.303030 0.010179
-0.262626 0.054999
-0.222222 0.133975
-0.181818 0.244250
-0.141414 0.381841
-0.101010 0.541773
-0.060606 0.718267
-0.020202 0.904944
0.020202 1.095056
0.060606 1.281733
0.101010 1.458227
0.141414 1.618159
0.181818 1.755750
0.222222 1.866025
0.262626 1.945001
0.303030 1.989821
0.343434 1.998867
0.383838 1.971812
0.424242 1.909632
0.464646 1.814576
0.505051 1.690079
0.545455 1.540641
0.585859 1.371662
0.626263 1.189251
0.666667 1.000000
0.707071 0.810749
0.747475 0.628338
0.787879 0.459359
0.828283 0.309921
0.868687 0.185424
0.909091 0.090368
0.949495 0.028188
0.989899 0.001133
1.030303 0.010179
1.070707 0.054999
1.111111 0.133975
1.151515 0.244250
1.191919 0.381841
1.232323 0.541773
1.272727 0.718267
1.313131 0.904944
1.353535 1.095056
1.393939 1.281733
1.434343 1.458227
1.474747 1.618159
1.515152 1.755750
1.555556 1.866025
1.595960 1.945001
1.636364 1.989821
1.676768 1.998867
1.717172 1.971812
1.757576 1.909632
1.797980 1.814576
1.838384 1.690079
1.878788 1.540641
1.919192 1.371662
1.959596 1.189251
2.000000 1.000000
