-1.000000 4.720585
-0.997998 4.674930
-0.995996 4.630297
-0.993994 4.586768
-0.991992 4.544425
-0.989990 4.503342
-0.987988 4.463588
-0.985986 4.425227
-0.983984 4.388318
-0.981982 4.352913
-0.979980 4.319061
-0.977978 4.286805
-0.975976 4.256182
-0.973974 4.227224
-0.971972 4.199961
-0.969970 4.174415
-0.967968 4.150605
-0.965966 4.128546
-0.963964 4.108246
-0.961962 4.089712
-0.959960 4.072946
-0.957958 4.057945
-0.955956 4.044703
-0.953954 4.033212
-0.951952 4.023459
-0.949950 4.015427
-0.947948 4.009098
-0.945946 4.004450
-0.943944 4.001459
-0.941942 4.000097
-0.939940 4.000336
-0.937938 4.002143
-0.935936 4.005485
-0.933934 4.010328
-0.931932 4.016633
-0.929930 4.024362
-0.927928 4.033474
-0.925926 4.043929
-0.923924 4.055684
-0.921922 4.068696
-0.919920 4.082919
-0.917918 4.098310
-0.915916 4.114821
-0.913914 4.132408
-0.911912 4.151024
-0.909910 4.170621
-0.907908 4.191153
-0.905906 4.212572
-0.903904 4.234833
-0.901902 4.257888
-0.899900 4.281690
-0.897898 4.306193
-0.895896 4.331351
-0.893894 4.357119
-0.891892 4.383452
-0.889890 4.410306
-0.887888 4.437636
-0.885886 4.465400
-0.883884 4.493555
-0.881882 4.522060
-0.879880 4.550875
-0.877878 4.579959
-0.875876 4.609274
-0.873874 4.638782
-0.871872 4.668445
-0.869870 4.698228
-0.867868 4.728097
-0.865866 4.758016
-0.863864 4.787953
-0.861862 4.817877
-0.859860 4.847756
-0.857858 4.877561
-0.855856 4.907264
-0.853854 4.936836
-0.851852 4.966251
-0.849850 4.995485
-0.847848 5.024512
-0.845846 5.053309
-0.843844 5.081854
-0.841842 5.110127
-0.839840 5.138107
-0.837838 5.165774
-0.835836 5.193112
-0.833834 5.220102
-0.831832 5.246729
-0.829830 5.272978
-0.827828 5.298834
-0.825826 5.324284
-0.823824 5.349317
-0.821822 5.373920
-0.819820 5.398083
-0.817818 5.421796
-0.815816 5.445050
-0.813814 5.467838
-0.811812 5.490151
-0.809810 5.511984
-0.807808 5.533330
-0.805806 5.554185
-0.803804 5.574544
-0.801802 5.594403
-0.799800 5.613759
-0.797798 5.632610
-0.795796 5.650954
-0.793794 5.668789
-0.791792 5.686115
-0.789790 5.702932
-0.787788 5.719239
-0.785786 5.735038
-0.783784 5.750330
-0.781782 5.765117
-0.779780 5.779400
-0.777778 5.793183
-0.775776 5.806467
-0.773774 5.819258
-0.771772 5.831557
-0.769770 5.843369
-0.767768 5.854699
-0.765766 5.865551
-0.763764 5.875930
-0.761762 5.885840
-0.759760 5.895288
-0.757758 5.904278
-0.755756 5.912817
-0.753754 5.920911
-0.751752 5.928565
-0.749750 5.935787
-0.747748 5.942582
-0.745746 5.948957
-0.743744 5.954919
-0.741742 5.960475
-0.739740 5.965631
-0.737738 5.970396
-0.735736 5.974775
-0.733734 5.978776
-0.731732 5.982407
-0.729730 5.985674
-0.727728 5.988585
-0.725726 5.991147
-0.723724 5.993368
-0.721722 5.995256
-0.719720 5.996816
-0.717718 5.998058
-0.715716 5.998988
-0.713714 5.999613
-0.711712 5.999942
-0.709710 5.999981
-0.707708 5.999738
-0.705706 5.999219
-0.703704 5.998433
-0.701702 5.997386
-0.699700 5.996085
-0.697698 5.994538
-0.695696 5.992750
-0.693694 5.990730
-0.691692 5.988485
-0.689690 5.986020
-0.687688 5.983342
-0.685686 5.980459
-0.683684 5.977376
-0.681682 5.974100
-0.679680 5.970637
-0.677678 5.966995
-0.675676 5.963178
-0.673674 5.959192
-0.671672 5.955045
-0.669670 5.950742
-0.667668 5.946287
-0.665666 5.941689
-0.663664 5.936950
-0.661662 5.932078
-0.659660 5.927078
-0.657658 5.921955
-0.655656 5.916714
-0.653654 5.911360
-0.651652 5.905898
-0.649650 5.900333
-0.647648 5.894670
-0.645646 5.888914
-0.643644 5.883069
-0.641642 5.877139
-0.639640 5.871130
-0.637638 5.865045
-0.635636 5.858888
-0.633634 5.852664
-0.631632 5.846376
-0.629630 5.840029
-0.627628 5.833627
-0.625626 5.827172
-0.623624 5.820669
-0.621622 5.814122
-0.619620 5.807533
-0.617618 5.800906
-0.615616 5.794244
-0.613614 5.787550
-0.611612 5.780829
-0.609610 5.774082
-0.607608 5.767312
-0.605606 5.760522
-0.603604 5.753716
-0.601602 5.746896
-0.599600 5.740063
-0.597598 5.733222
-0.595596 5.726374
-0.593594 5.719522
-0.591592 5.712668
-0.589590 5.705814
-0.587588 5.698963
-0.585586 5.692116
-0.583584 5.685276
-0.581582 5.678444
-0.579580 5.671623
-0.577578 5.664814
-0.575576 5.658018
-0.573574 5.651239
-0.571572 5.644477
-0.569570 5.637734
-0.567568 5.631011
-0.565566 5.624310
-0.563564 5.617633
-0.561562 5.610980
-0.559560 5.604354
-0.557558 5.597754
-0.555556 5.591184
-0.553554 5.584642
-0.551552 5.578132
-0.549550 5.571653
-0.547548 5.565208
-0.545546 5.558796
-0.543544 5.552419
-0.541542 5.546077
-0.539540 5.539772
-0.537538 5.533504
-0.535536 5.527275
-0.533534 5.521084
-0.531532 5.514932
-0.529530 5.508821
-0.527528 5.502751
-0.525526 5.496722
-0.523524 5.490734
-0.521522 5.484790
-0.519520 5.478888
-0.517518 5.473029
-0.515516 5.467215
-0.513514 5.461444
-0.511512 5.455719
-0.509510 5.450038
-0.507508 5.444402
-0.505506 5.438812
-0.503504 5.433268
-0.501502 5.427770
-0.499499 5.422318
-0.497497 5.416912
-0.495495 5.411553
-0.493493 5.406241
-0.491491 5.400976
-0.489489 5.395758
-0.487487 5.390588
-0.485485 5.385464
-0.483483 5.380388
-0.481481 5.375359
-0.479479 5.370377
-0.477477 5.365443
-0.475475 5.360556
-0.473473 5.355717
-0.471471 5.350925
-0.469469 5.346180
-0.467467 5.341482
-0.465465 5.336831
-0.463463 5.332228
-0.461461 5.327671
-0.459459 5.323161
-0.457457 5.318698
-0.455455 5.314281
-0.453453 5.309911
-0.451451 5.305586
-0.449449 5.301308
-0.447447 5.297076
-0.445445 5.292890
-0.443443 5.288749
-0.441441 5.284653
-0.439439 5.280602
-0.437437 5.276597
-0.435435 5.272635
-0.433433 5.268719
-0.431431 5.264846
-0.429429 5.261018
-0.427427 5.257233
-0.425425 5.253491
-0.423423 5.249793
-0.421421 5.246137
-0.419419 5.242524
-0.417417 5.238954
-0.415415 5.235425
-0.413413 5.231939
-0.411411 5.228494
-0.409409 5.225089
-0.407407 5.221726
-0.405405 5.218404
-0.403403 5.215122
-0.401401 5.211879
-0.399399 5.208677
-0.397397 5.205514
-0.395395 5.202389
-0.393393 5.199304
-0.391391 5.196257
-0.389389 5.193248
-0.387387 5.190277
-0.385385 5.187343
-0.383383 5.184447
-0.381381 5.181587
-0.379379 5.178764
-0.377377 5.175977
-0.375375 5.173225
-0.373373 5.170510
-0.371371 5.167829
-0.369369 5.165183
-0.367367 5.162572
-0.365365 5.159995
-0.363363 5.157452
-0.361361 5.154942
-0.359359 5.152466
-0.357357 5.150022
-0.355355 5.147611
-0.353353 5.145232
-0.351351 5.142885
-0.349349 5.140570
-0.347347 5.138286
-0.345345 5.136033
-0.343343 5.133810
-0.341341 5.131617
-0.339339 5.129455
-0.337337 5.127322
-0.335335 5.125218
-0.333333 5.123143
-0.331331 5.121097
-0.329329 5.119080
-0.327327 5.117090
-0.325325 5.115128
-0.323323 5.113193
-0.321321 5.111285
-0.319319 5.109404
-0.317317 5.107550
-0.315315 5.105722
-0.313313 5.103919
-0.311311 5.102142
-0.309309 5.100390
-0.307307 5.098664
-0.305305 5.096961
-0.303303 5.095283
-0.301301 5.093630
-0.299299 5.091999
-0.297297 5.090393
-0.295295 5.088809
-0.293293 5.087248
-0.291291 5.085710
-0.289289 5.084194
-0.287287 5.082701
-0.285285 5.081228
-0.283283 5.079778
-0.281281 5.078348
-0.279279 5.076940
-0.277277 5.075552
-0.275275 5.074184
-0.273273 5.072836
-0.271271 5.071509
-0.269269 5.070201
-0.267267 5.068912
-0.265265 5.067642
-0.263263 5.066391
-0.261261 5.065159
-0.259259 5.063945
-0.257257 5.062749
-0.255255 5.061570
-0.253253 5.060410
-0.251251 5.059266
-0.249249 5.058140
-0.247247 5.057030
-0.245245 5.055937
-0.243243 5.054861
-0.241241 5.053801
-0.239239 5.052756
-0.237237 5.051728
-0.235235 5.050714
-0.233233 5.049716
-0.231231 5.048733
-0.229229 5.047765
-0.227227 5.046812
-0.225225 5.045873
-0.223223 5.044948
-0.221221 5.044037
-0.219219 5.043140
-0.217217 5.042257
-0.215215 5.041386
-0.213213 5.040530
-0.211211 5.039686
-0.209209 5.038855
-0.207207 5.038037
-0.205205 5.037231
-0.203203 5.036437
-0.201201 5.035656
-0.199199 5.034886
-0.197197 5.034129
-0.195195 5.033383
-0.193193 5.032648
-0.191191 5.031924
-0.189189 5.031212
-0.187187 5.030511
-0.185185 5.029820
-0.183183 5.029140
-0.181181 5.028471
-0.179179 5.027812
-0.177177 5.027163
-0.175175 5.026524
-0.173173 5.025895
-0.171171 5.025276
-0.169169 5.024666
-0.167167 5.024066
-0.165165 5.023475
-0.163163 5.022894
-0.161161 5.022322
-0.159159 5.021758
-0.157157 5.021204
-0.155155 5.020658
-0.153153 5.020121
-0.151151 5.019593
-0.149149 5.019073
-0.147147 5.018561
-0.145145 5.018057
-0.143143 5.017562
-0.141141 5.017075
-0.139139 5.016595
-0.137137 5.016124
-0.135135 5.015660
-0.133133 5.015204
-0.131131 5.014755
-0.129129 5.014314
-0.127127 5.013880
-0.125125 5.013454
-0.123123 5.013035
-0.121121 5.012623
-0.119119 5.012218
-0.117117 5.011820
-0.115115 5.011430
-0.113113 5.011046
-0.111111 5.010669
-0.109109 5.010299
-0.107107 5.009936
-0.105105 5.009579
-0.103103 5.009229
-0.101101 5.008886
-0.099099 5.008549
-0.097097 5.008219
-0.095095 5.007896
-0.093093 5.007578
-0.091091 5.007268
-0.089089 5.006964
-0.087087 5.006666
-0.085085 5.006374
-0.083083 5.006089
-0.081081 5.005811
-0.079079 5.005538
-0.077077 5.005272
-0.075075 5.005012
-0.073073 5.004759
-0.071071 5.004512
-0.069069 5.004271
-0.067067 5.004036
-0.065065 5.003808
-0.063063 5.003586
-0.061061 5.003370
-0.059059 5.003161
-0.057057 5.002958
-0.055055 5.002762
-0.053053 5.002571
-0.051051 5.002388
-0.049049 5.002210
-0.047047 5.002039
-0.045045 5.001875
-0.043043 5.001717
-0.041041 5.001566
-0.039039 5.001421
-0.037037 5.001283
-0.035035 5.001152
-0.033033 5.001027
-0.031031 5.000910
-0.029029 5.000799
-0.027027 5.000695
-0.025025 5.000598
-0.023023 5.000508
-0.021021 5.000425
-0.019019 5.000349
-0.017017 5.000280
-0.015015 5.000219
-0.013013 5.000165
-0.011011 5.000119
-0.009009 5.000080
-0.007007 5.000048
-0.005005 5.000025
-0.003003 5.000009
-0.001001 5.000001
0.001001 5.000001
0.003003 5.000009
0.005005 5.000025
0.007007 5.000050
0.009009 5.000083
0.011011 5.000124
0.013013 5.000174
0.015015 5.000233
0.017017 5.000300
0.019019 5.000376
0.021021 5.000462
0.023023 5.000556
0.025025 5.000660
0.027027 5.000774
0.029029 5.000897
0.031031 5.001029
0.033033 5.001172
0.035035 5.001324
0.037037 5.001487
0.039039 5.001659
0.041041 5.001842
0.043043 5.002036
0.045045 5.002241
0.047047 5.002456
0.049049 5.002682
0.051051 5.002920
0.053053 5.003169
0.055055 5.003429
0.057057 5.003701
0.059059 5.003985
0.061061 5.004281
0.063063 5.004589
0.065065 5.004910
0.067067 5.005243
0.069069 5.005589
0.071071 5.005948
0.073073 5.006320
0.075075 5.006705
0.077077 5.007104
0.079079 5.007516
0.081081 5.007943
0.083083 5.008383
0.085085 5.008838
0.087087 5.009308
0.089089 5.009792
0.091091 5.010291
0.093093 5.010805
0.095095 5.011335
0.097097 5.011881
0.099099 5.012442
0.101101 5.013019
0.103103 5.013613
0.105105 5.014223
0.107107 5.014850
0.109109 5.015494
0.111111 5.016155
0.113113 5.016834
0.115115 5.017531
0.117117 5.018245
0.119119 5.018978
0.121121 5.019729
0.123123 5.020499
0.125125 5.021289
0.127127 5.022097
0.129129 5.022925
0.131131 5.023773
0.133133 5.024640
0.135135 5.025529
0.137137 5.026437
0.139139 5.027367
0.141141 5.028318
0.143143 5.029291
0.145145 5.030285
0.147147 5.031301
0.149149 5.032340
0.151151 5.033401
0.153153 5.034485
0.155155 5.035592
0.157157 5.036723
0.159159 5.037878
0.161161 5.039057
0.163163 5.040260
0.165165 5.041488
0.167167 5.042741
0.169169 5.044020
0.171171 5.045324
0.173173 5.046654
0.175175 5.048010
0.177177 5.049394
0.179179 5.050804
0.181181 5.052241
0.183183 5.053706
0.185185 5.055199
0.187187 5.056720
0.189189 5.058270
0.191191 5.059849
0.193193 5.061458
0.195195 5.063095
0.197197 5.064763
0.199199 5.066462
0.201201 5.068190
0.203203 5.069950
0.205205 5.071742
0.207207 5.073565
0.209209 5.075420
0.211211 5.077308
0.213213 5.079228
0.215215 5.081182
0.217217 5.083169
0.219219 5.085190
0.221221 5.087245
0.223223 5.089335
0.225225 5.091460
0.227227 5.093621
0.229229 5.095817
0.231231 5.098049
0.233233 5.100317
0.235235 5.102623
0.237237 5.104965
0.239239 5.107345
0.241241 5.109763
0.243243 5.112220
0.245245 5.114715
0.247247 5.117249
0.249249 5.119823
0.251251 5.122436
0.253253 5.125090
0.255255 5.127784
0.257257 5.130519
0.259259 5.133295
0.261261 5.136113
0.263263 5.138973
0.265265 5.141876
0.267267 5.144821
0.269269 5.147809
0.271271 5.150841
0.273273 5.153917
0.275275 5.157037
0.277277 5.160202
0.279279 5.163411
0.281281 5.166666
0.283283 5.169967
0.285285 5.173313
0.287287 5.176706
0.289289 5.180146
0.291291 5.183632
0.293293 5.187167
0.295295 5.190748
0.297297 5.194378
0.299299 5.198056
0.301301 5.201783
0.303303 5.205559
0.305305 5.209385
0.307307 5.213260
0.309309 5.217184
0.311311 5.221160
0.313313 5.225185
0.315315 5.229262
0.317317 5.233389
0.319319 5.237568
0.321321 5.241798
0.323323 5.246081
0.325325 5.250415
0.327327 5.254802
0.329329 5.259241
0.331331 5.263733
0.333333 5.268278
0.335335 5.272876
0.337337 5.277528
0.339339 5.282232
0.341341 5.286991
0.343343 5.291804
0.345345 5.296670
0.347347 5.301591
0.349349 5.306565
0.351351 5.311594
0.353353 5.316678
0.355355 5.321815
0.357357 5.327007
0.359359 5.332254
0.361361 5.337555
0.363363 5.342911
0.365365 5.348321
0.367367 5.353785
0.369369 5.359304
0.371371 5.364877
0.373373 5.370504
0.375375 5.376185
0.377377 5.381920
0.379379 5.387708
0.381381 5.393550
0.383383 5.399446
0.385385 5.405394
0.387387 5.411395
0.389389 5.417448
0.391391 5.423553
0.393393 5.429710
0.395395 5.435918
0.397397 5.442177
0.399399 5.448486
0.401401 5.454845
0.403403 5.461253
0.405405 5.467710
0.407407 5.474215
0.409409 5.480767
0.411411 5.487366
0.413413 5.494011
0.415415 5.500702
0.417417 5.507436
0.419419 5.514215
0.421421 5.521036
0.423423 5.527898
0.425425 5.534802
0.427427 5.541745
0.429429 5.548726
0.431431 5.555745
0.433433 5.562800
0.435435 5.569890
0.437437 5.577014
0.439439 5.584170
0.441441 5.591357
0.443443 5.598573
0.445445 5.605816
0.447447 5.613086
0.449449 5.620381
0.451451 5.627698
0.453453 5.635036
0.455455 5.642393
0.457457 5.649768
0.459459 5.657157
0.461461 5.664559
0.463463 5.671973
0.465465 5.679394
0.467467 5.686822
0.469469 5.694254
0.471471 5.701687
0.473473 5.709120
0.475475 5.716548
0.477477 5.723969
0.479479 5.731382
0.481481 5.738782
0.483483 5.746166
0.485485 5.753533
0.487487 5.760877
0.489489 5.768197
0.491491 5.775489
0.493493 5.782749
0.495495 5.789973
0.497497 5.797159
0.499499 5.804302
0.501502 5.811399
0.503504 5.818445
0.505506 5.825437
0.507508 5.832369
0.509510 5.839239
0.511512 5.846041
0.513514 5.852771
0.515516 5.859425
0.517518 5.865997
0.519520 5.872483
0.521522 5.878879
0.523524 5.885177
0.525526 5.891375
0.527528 5.897466
0.529530 5.903445
0.531532 5.909306
0.533534 5.915045
0.535536 5.920654
0.537538 5.926129
0.539540 5.931463
0.541542 5.936650
0.543544 5.941684
0.545546 5.946559
0.547548 5.951268
0.549550 5.955805
0.551552 5.960163
0.553554 5.964336
0.555556 5.968316
0.557558 5.972097
0.559560 5.975671
0.561562 5.979032
0.563564 5.982173
0.565566 5.985085
0.567568 5.987761
0.569570 5.990195
0.571572 5.992378
0.573574 5.994304
0.575576 5.995963
0.577578 5.997348
0.579580 5.998452
0.581582 5.999267
0.583584 5.999783
0.585586 5.999995
0.587588 5.999893
0.589590 5.999469
0.591592 5.998716
0.593594 5.997625
0.595596 5.996188
0.597598 5.994396
0.599600 5.992243
0.601602 5.989718
0.603604 5.986816
0.605606 5.983526
0.607608 5.979842
0.609610 5.975756
0.611612 5.971259
0.613614 5.966343
0.615616 5.961001
0.617618 5.955226
0.619620 5.949009
0.621622 5.942344
0.623624 5.935222
0.625626 5.927638
0.627628 5.919584
0.629630 5.911053
0.631632 5.902039
0.633634 5.892535
0.635636 5.882536
0.637638 5.872036
0.639640 5.861028
0.641642 5.849509
0.643644 5.837473
0.645646 5.824916
0.647648 5.811832
0.649650 5.798220
0.651652 5.784074
0.653654 5.769392
0.655656 5.754172
0.657658 5.738411
0.659660 5.722108
0.661662 5.705262
0.663664 5.687872
0.665666 5.669937
0.667668 5.651460
0.669670 5.632440
0.671672 5.612881
0.673674 5.592783
0.675676 5.572151
0.677678 5.550988
0.679680 5.529299
0.681682 5.507089
0.683684 5.484365
0.685686 5.461133
0.687688 5.437402
0.689690 5.413179
0.691692 5.388475
0.693694 5.363300
0.695696 5.337666
0.697698 5.311584
0.699700 5.285068
0.701702 5.258133
0.703704 5.230794
0.705706 5.203067
0.707708 5.174970
0.709710 5.146521
0.711712 5.117740
0.713714 5.088648
0.715716 5.059266
0.717718 5.029619
0.719720 4.999729
0.721722 4.969623
0.723724 4.939326
0.725726 4.908867
0.727728 4.878275
0.729730 4.847579
0.731732 4.816811
0.733734 4.786002
0.735736 4.755188
0.737738 4.724402
0.739740 4.693680
0.741742 4.663060
0.743744 4.632579
0.745746 4.602277
0.747748 4.572194
0.749750 4.542371
0.751752 4.512850
0.753754 4.483676
0.755756 4.454891
0.757758 4.426541
0.759760 4.398671
0.761762 4.371330
0.763764 4.344563
0.765766 4.318418
0.767768 4.292945
0.769770 4.268192
0.771772 4.244209
0.773774 4.221044
0.775776 4.198750
0.777778 4.177375
0.779780 4.156969
0.781782 4.137584
0.783784 4.119268
0.785786 4.102072
0.787788 4.086044
0.789790 4.071233
0.791792 4.057688
0.793794 4.045456
0.795796 4.034582
0.797798 4.025113
0.799800 4.017091
0.801802 4.010559
0.803804 4.005559
0.805806 4.002129
0.807808 4.000307
0.809810 4.000128
0.811812 4.001624
0.813814 4.004827
0.815816 4.009764
0.817818 4.016460
0.819820 4.024938
0.821822 4.035216
0.823824 4.047311
0.825826 4.061233
0.827828 4.076992
0.829830 4.094593
0.831832 4.114035
0.833834 4.135315
0.835836 4.158424
0.837838 4.183351
0.839840 4.210078
0.841842 4.238582
0.843844 4.268836
0.845846 4.300807
0.847848 4.334459
0.849850 4.369747
0.851852 4.406624
0.853854 4.445034
0.855856 4.484919
0.857858 4.526212
0.859860 4.568843
0.861862 4.612735
0.863864 4.657804
0.865866 4.703962
0.867868 4.751115
0.869870 4.799163
0.871872 4.848000
0.873874 4.897516
0.875876 4.947594
0.877878 4.998113
0.879880 5.048946
0.881882 5.099961
0.883884 5.151024
0.885886 5.201994
0.887888 5.252726
0.889890 5.303075
0.891892 5.352887
0.893894 5.402010
0.895896 5.450288
0.897898 5.497561
0.899900 5.543671
0.901902 5.588457
0.903904 5.631758
0.905906 5.673412
0.907908 5.713260
0.909910 5.751143
0.911912 5.786904
0.913914 5.820389
0.915916 5.851448
0.917918 5.879934
0.919920 5.905706
0.921922 5.928628
0.923924 5.948572
0.925926 5.965414
0.927928 5.979042
0.929930 5.989350
0.931932 5.996243
0.933934 5.999635
0.935936 5.999454
0.937938 5.995637
0.939940 5.988135
0.941942 5.976912
0.943944 5.961947
0.945946 5.943232
0.947948 5.920778
0.949950 5.894607
0.951952 5.864762
0.953954 5.831299
0.955956 5.794295
0.957958 5.753842
0.959960 5.710051
0.961962 5.663050
0.963964 5.612987
0.965966 5.560028
0.967968 5.504354
0.969970 5.446167
0.971972 5.385685
0.973974 5.323144
0.975976 5.258796
0.977978 5.192909
0.979980 5.125765
0.981982 5.057662
0.983984 4.988908
0.985986 4.919828
0.987988 4.850752
0.989990 4.782023
0.991992 4.713990
0.993994 4.647008
0.995996 4.581438
0.997998 4.517641
1.000000 4.455979
