-3.500000 -1.000000
-3.492993 -1.000000
-3.485986 -1.000000
-3.478979 -1.000000
-3.471972 -1.000000
-3.464965 -1.000000
-3.457958 -1.000000
-3.450951 -1.000000
-3.443944 -1.000000
-3.436937 -1.000000
-3.429930 -1.000000
-3.422923 -1.000000
-3.415916 -1.000000
-3.408909 -1.000000
-3.401902 -1.000000
-3.394895 -1.000000
-3.387888 -1.000000
-3.380881 -1.000000
-3.373874 -1.000000
-3.366867 -1.000000
-3.359860 -1.000000
-3.352853 -1.000000
-3.345846 -1.000000
-3.338839 -1.000000
-3.331832 -1.000000
-3.324825 -1.000000
-3.317818 -1.000000
-3.310811 -1.000000
-3.303804 -1.000000
-3.296797 -1.000000
-3.289790 -1.000000
-3.282783 -1.000000
-3.275776 -1.000000
-3.268769 -1.000000
-3.261762 -1.000000
-3.254755 -1.000000
-3.247748 -1.000000
-3.240741 -1.000000
-3.233734 -1.000000
-3.226727 -1.000000
-3.219720 -1.000000
-3.212713 -1.000000
-3.205706 -1.000000
-3.198699 -1.000000
-3.191692 -1.000000
-3.184685 -1.000000
-3.177678 -1.000000
-3.170671 -1.000000
-3.163664 -1.000000
-3.156657 -1.000000
-3.149650 -1.000000
-3.142643 -1.000000
-3.135636 1.000000
-3.128629 1.000000
-3.121622 1.000000
-3.114615 1.000000
-3.107608 1.000000
-3.100601 1.000000
-3.093594 1.000000
-3.086587 1.000000
-3.079580 1.000000
-3.072573 1.000000
-3.065566 1.000000
-3.058559 1.000000
-3.051552 1.000000
-3.044545 1.000000
-3.037538 1.000000
-3.030531 1.000000
-3.023524 1.000000
-3.016517 1.000000
-3.009510 1.000000
-3.002503 1.000000
-2.995495 1.000000
-2.988488 1.000000
-2.981481 1.000000
-2.974474 1.000000
-2.967467 1.000000
-2.960460 1.000000
-2.953453 1.000000
-2.946446 1.000000
-2.939439 1.000000
-2.932432 1.000000
-2.925425 1.000000
-2.918418 1.000000
-2.911411 1.000000
-2.904404 1.000000
-2.897397 1.000000
-2.890390 1.000000
-2.883383 1.000000
-2.876376 1.000000
-2.869369 1.000000
-2.862362 1.000000
-2.855355 1.000000
-2.848348 1.000000
-2.841341 1.000000
-2.834334 1.000000
-2.827327 1.000000
-2.820320 1.000000
-2.813313 1.000000
-2.806306 1.000000
-2.799299 1.000000
-2.792292 1.000000
-2.785285 1.000000
-2.778278 1.000000
-2.771271 1.000000
-2.764264 1.000000
-2.757257 1.000000
-2.750250 1.000000
-2.743243 1.000000
-2.736236 1.000000
-2.729229 1.000000
-2.722222 1.000000
-2.715215 1.000000
-2.708208 1.000000
-2.701201 1.000000
-2.694194 1.000000
-2.687187 1.000000
-2.680180 1.000000
-2.673173 1.000000
-2.666166 1.000000
-2.659159 1.000000
-2.652152 1.000000
-2.645145 1.000000
-2.638138 1.000000
-2.631131 1.000000
-2.624124 1.000000
-2.617117 1.000000
-2.610110 1.000000
-2.603103 1.000000
-2.596096 1.000000
-2.589089 1.000000
-2.582082 1.000000
-2.575075 1.000000
-2.568068 1.000000
-2.561061 1.000000
-2.554054 1.000000
-2.547047 1.000000
-2.540040 1.000000
-2.533033 1.000000
-2.526026 1.000000
-2.519019 1.000000
-2.512012 1.000000
-2.505005 1.000000
-2.497998 1.000000
-2.490991 1.000000
-2.483984 1.000000
-2.476977 1.000000
-2.469970 1.000000
-2.462963 1.000000
-2.455956 1.000000
-2.448949 1.000000
-2.441942 1.000000
-2.434935 1.000000
-2.427928 1.000000
-2.420921 1.000000
-2.413914 1.000000
-2.406907 1.000000
-2.399900 1.000000
-2.392893 1.000000
-2.385886 1.000000
-2.378879 1.000000
-2.371872 1.000000
-2.364865 1.000000
-2.357858 1.000000
-2.350851 1.000000
-2.343844 1.000000
-2.336837 1.000000
-2.329830 1.000000
-2.322823 1.000000
-2.315816 1.000000
-2.308809 1.000000
-2.301802 1.000000
-2.294795 1.000000
-2.287788 1.000000
-2.280781 1.000000
-2.273774 1.000000
-2.266767 1.000000
-2.259760 1.000000
-2.252753 1.000000
-2.245746 1.000000
-2.238739 1.000000
-2.231732 1.000000
-2.224725 1.000000
-2.217718 1.000000
-2.210711 1.000000
-2.203704 1.000000
-2.196697 1.000000
-2.189690 1.000000
-2.182683 1.000000
-2.175676 1.000000
-2.168669 1.000000
-2.161662 1.000000
-2.154655 1.000000
-2.147648 1.000000
-2.140641 1.000000
-2.133634 1.000000
-2.126627 1.000000
-2.119620 1.000000
-2.112613 1.000000
-2.105606 1.000000
-2.098599 1.000000
-2.091592 1.000000
-2.084585 1.000000
-2.077578 1.000000
-2.070571 1.000000
-2.063564 1.000000
-2.056557 1.000000
-2.049550 1.000000
-2.042543 1.000000
-2.035536 1.000000
-2.028529 1.000000
-2.021522 1.000000
-2.014515 1.000000
-2.007508 1.000000
-2.000501 1.000000
-1.993493 1.000000
-1.986486 1.000000
-1.979479 1.000000
-1.972472 1.000000
-1.965465 1.000000
-1.958458 1.000000
-1.951451 1.000000
-1.944444 1.000000
-1.937437 1.000000
-1.930430 1.000000
-1.923423 1.000000
-1.916416 1.000000
-1.909409 1.000000
-1.902402 1.000000
-1.895395 1.000000
-1.888388 1.000000
-1.881381 1.000000
-1.874374 1.000000
-1.867367 1.000000
-1.860360 1.000000
-1.853353 1.000000
-1.846346 1.000000
-1.839339 1.000000
-1.832332 1.000000
-1.825325 1.000000
-1.818318 1.000000
-1.811311 1.000000
-1.804304 1.000000
-1.797297 1.000000
-1.790290 1.000000
-1.783283 1.000000
-1.776276 1.000000
-1.769269 1.000000
-1.762262 1.000000
-1.755255 1.000000
-1.748248 1.000000
-1.741241 1.000000
-1.734234 1.000000
-1.727227 1.000000
-1.720220 1.000000
-1.713213 1.000000
-1.706206 1.000000
-1.699199 1.000000
-1.692192 1.000000
-1.685185 1.000000
-1.678178 1.000000
-1.671171 1.000000
-1.664164 1.000000
-1.657157 1.000000
-1.650150 1.000000
-1.643143 1.000000
-1.636136 1.000000
-1.629129 1.000000
-1.622122 1.000000
-1.615115 1.000000
-1.608108 1.000000
-1.601101 1.000000
-1.594094 1.000000
-1.587087 1.000000
-1.580080 1.000000
-1.573073 1.000000
-1.566066 -1.000000
-1.559059 -1.000000
-1.552052 -1.000000
-1.545045 -1.000000
-1.538038 -1.000000
-1.531031 -1.000000
-1.524024 -1.000000
-1.517017 -1.000000
-1.510010 -1.000000
-1.503003 -1.000000
-1.495996 -1.000000
-1.488989 -1.000000
-1.481982 -1.000000
-1.474975 -1.000000
-1.467968 -1.000000
-1.460961 -1.000000
-1.453954 -1.000000
-1.446947 -1.000000
-1.439940 -1.000000
-1.432933 -1.000000
-1.425926 -1.000000
-1.418919 -1.000000
-1.411912 -1.000000
-1.404905 -1.000000
-1.397898 -1.000000
-1.390891 -1.000000
-1.383884 -1.000000
-1.376877 -1.000000
-1.369870 -1.000000
-1.362863 -1.000000
-1.355856 -1.000000
-1.348849 -1.000000
-1.341842 -1.000000
-1.334835 -1.000000
-1.327828 -1.000000
-1.320821 -1.000000
-1.313814 -1.000000
-1.306807 -1.000000
-1.299800 -1.000000
-1.292793 -1.000000
-1.285786 -1.000000
-1.278779 -1.000000
-1.271772 -1.000000
-1.264765 -1.000000
-1.257758 -1.000000
-1.250751 -1.000000
-1.243744 -1.000000
-1.236737 -1.000000
-1.229730 -1.000000
-1.222723 -1.000000
-1.215716 -1.000000
-1.208709 -1.000000
-1.201702 -1.000000
-1.194695 -1.000000
-1.187688 -1.000000
-1.180681 -1.000000
-1.173674 -1.000000
-1.166667 -1.000000
-1.159660 -1.000000
-1.152653 -1.000000
-1.145646 -1.000000
-1.138639 -1.000000
-1.131632 -1.000000
-1.124625 -1.000000
-1.117618 -1.000000
-1.110611 -1.000000
-1.103604 -1.000000
-1.096597 -1.000000
-1.089590 -1.000000
-1.082583 -1.000000
-1.075576 -1.000000
-1.068569 -1.000000
-1.061562 -1.000000
-1.054555 -1.000000
-1.047548 -1.000000
-1.040541 -1.000000
-1.033534 -1.000000
-1.026527 -1.000000
-1.019520 -1.000000
-1.012513 -1.000000
-1.005506 -1.000000
-0.998498 -1.000000
-0.991491 -1.000000
-0.984484 -1.000000
-0.977477 -1.000000
-0.970470 -1.000000
-0.963463 -1.000000
-0.956456 -1.000000
-0.949449 -1.000000
-0.942442 -1.000000
-0.935435 -1.000000
-0.928428 -1.000000
-0.921421 -1.000000
-0.914414 -1.000000
-0.907407 -1.000000
-0.900400 -1.000000
-0.893393 -1.000000
-0.886386 -1.000000
-0.879379 -1.000000
-0.872372 -1.000000
-0.865365 -1.000000
-0.858358 -1.000000
-0.851351 -1.000000
-0.844344 -1.000000
-0.837337 -1.000000
-0.830330 -1.000000
-0.823323 -1.000000
-0.816316 -1.000000
-0.809309 -1.000000
-0.802302 -1.000000
-0.795295 -1.000000
-0.788288 -1.000000
-0.781281 -1.000000
-0.774274 -1.000000
-0.767267 -1.000000
-0.760260 -1.000000
-0.753253 -1.000000
-0.746246 -1.000000
-0.739239 -1.000000
-0.732232 -1.000000
-0.725225 -1.000000
-0.718218 -1.000000
-0.711211 -1.000000
-0.704204 -1.000000
-0.697197 -1.000000
-0.690190 -1.000000
-0.683183 -1.000000
-0.676176 -1.000000
-0.669169 -1.000000
-0.662162 -1.000000
-0.655155 -1.000000
-0.648148 -1.000000
-0.641141 -1.000000
-0.634134 -1.000000
-0.627127 -1.000000
-0.620120 -1.000000
-0.613113 -1.000000
-0.606106 -1.000000
-0.599099 -1.000000
-0.592092 -1.000000
-0.585085 -1.000000
-0.578078 -1.000000
-0.571071 -1.000000
-0.564064 -1.000000
-0.557057 -1.000000
-0.550050 -1.000000
-0.543043 -1.000000
-0.536036 -1.000000
-0.529029 -1.000000
-0.522022 -1.000000
-0.515015 -1.000000
-0.508008 -1.000000
-0.501001 -1.000000
-0.493994 -1.000000
-0.486987 -1.000000
-0.479980 -1.000000
-0.472973 -1.000000
-0.465966 -1.000000
-0.458959 -1.000000
-0.451952 -1.000000
-0.444945 -1.000000
-0.437938 -1.000000
-0.430931 -1.000000
-0.423924 -1.000000
-0.416917 -1.000000
-0.409910 -1.000000
-0.402903 -1.000000
-0.395896 -1.000000
-0.388889 -1.000000
-0.381882 -1.000000
-0.374875 -1.000000
-0.367868 -1.000000
-0.360861 -1.000000
-0.353854 -1.000000
-0.346847 -1.000000
-0.339840 -1.000000
-0.332833 -1.000000
-0.325826 -1.000000
-0.318819 -1.000000
-0.311812 -1.000000
-0.304805 -1.000000
-0.297798 -1.000000
-0.290791 -1.000000
-0.283784 -1.000000
-0.276777 -1.000000
-0.269770 -1.000000
-0.262763 -1.000000
-0.255756 -1.000000
-0.248749 -1.000000
-0.241742 -1.000000
-0.234735 -1.000000
-0.227728 -1.000000
-0.220721 -1.000000
-0.213714 -1.000000
-0.206707 -1.000000
-0.199700 -1.000000
-0.192693 -1.000000
-0.185686 -1.000000
-0.178679 -1.000000
-0.171672 -1.000000
-0.164665 -1.000000
-0.157658 -1.000000
-0.150651 -1.000000
-0.143644 -1.000000
-0.136637 -1.000000
-0.129630 -1.000000
-0.122623 -1.000000
-0.115616 -1.000000
-0.108609 -1.000000
-0.101602 -1.000000
-0.094595 -1.000000
-0.087588 -1.000000
-0.080581 -1.000000
-0.073574 -1.000000
-0.066567 -1.000000
-0.059560 -1.000000
-0.052553 -1.000000
-0.045546 -1.000000
-0.038539 -1.000000
-0.031532 -1.000000
-0.024525 -1.000000
-0.017518 -1.000000
-0.010511 -1.000000
-0.003504 -1.000000
0.003504 1.000000
0.010511 1.000000
0.017518 1.000000
0.024525 1.000000
0.031532 1.000000
0.038539 1.000000
0.045546 1.000000
0.052553 1.000000
0.059560 1.000000
0.066567 1.000000
0.073574 1.000000
0.080581 1.000000
0.087588 1.000000
0.094595 1.000000
0.101602 1.000000
0.108609 1.000000
0.115616 1.000000
0.122623 1.000000
0.129630 1.000000
0.136637 1.000000
0.143644 1.000000
0.150651 1.000000
0.157658 1.000000
0.164665 1.000000
0.171672 1.000000
0.178679 1.000000
0.185686 1.000000
0.192693 1.000000
0.199700 1.000000
0.206707 1.000000
0.213714 1.000000
0.220721 1.000000
0.227728 1.000000
0.234735 1.000000
0.241742 1.000000
0.248749 1.000000
0.255756 1.000000
0.262763 1.000000
0.269770 1.000000
0.276777 1.000000
0.283784 1.000000
0.290791 1.000000
0.297798 1.000000
0.304805 1.000000
0.311812 1.000000
0.318819 1.000000
0.325826 1.000000
0.332833 1.000000
0.339840 1.000000
0.346847 1.000000
0.353854 1.000000
0.360861 1.000000
0.367868 1.000000
0.374875 1.000000
0.381882 1.000000
0.388889 1.000000
0.395896 1.000000
0.402903 1.000000
0.409910 1.000000
0.416917 1.000000
0.423924 1.000000
0.430931 1.000000
0.437938 1.000000
0.444945 1.000000
0.451952 1.000000
0.458959 1.000000
0.465966 1.000000
0.472973 1.000000
0.479980 1.000000
0.486987 1.000000
0.493994 1.000000
0.501001 1.000000
0.508008 1.000000
0.515015 1.000000
0.522022 1.000000
0.529029 1.000000
0.536036 1.000000
0.543043 1.000000
0.550050 1.000000
0.557057 1.000000
0.564064 1.000000
0.571071 1.000000
0.578078 1.000000
0.585085 1.000000
0.592092 1.000000
0.599099 1.000000
0.606106 1.000000
0.613113 1.000000
0.620120 1.000000
0.627127 1.000000
0.634134 1.000000
0.641141 1.000000
0.648148 1.000000
0.655155 1.000000
0.662162 1.000000
0.669169 1.000000
0.676176 1.000000
0.683183 1.000000
0.690190 1.000000
0.697197 1.000000
0.704204 1.000000
0.711211 1.000000
0.718218 1.000000
0.725225 1.000000
0.732232 1.000000
0.739239 1.000000
0.746246 1.000000
0.753253 1.000000
0.760260 1.000000
0.767267 1.000000
0.774274 1.000000
0.781281 1.000000
0.788288 1.000000
0.795295 1.000000
0.802302 1.000000
0.809309 1.000000
0.816316 1.000000
0.823323 1.000000
0.830330 1.000000
0.837337 1.000000
0.844344 1.000000
0.851351 1.000000
0.858358 1.000000
0.865365 1.000000
0.872372 1.000000
0.879379 1.000000
0.886386 1.000000
0.893393 1.000000
0.900400 1.000000
0.907407 1.000000
0.914414 1.000000
0.921421 1.000000
0.928428 1.000000
0.935435 1.000000
0.942442 1.000000
0.949449 1.000000
0.956456 1.000000
0.963463 1.000000
0.970470 1.000000
0.977477 1.000000
0.984484 1.000000
0.991491 1.000000
0.998498 1.000000
1.005506 1.000000
1.012513 1.000000
1.019520 1.000000
1.026527 1.000000
1.033534 1.000000
1.040541 1.000000
1.047548 1.000000
1.054555 1.000000
1.061562 1.000000
1.068569 1.000000
1.075576 1.000000
1.082583 1.000000
1.089590 1.000000
1.096597 1.000000
1.103604 1.000000
1.110611 1.000000
1.117618 1.000000
1.124625 1.000000
1.131632 1.000000
1.138639 1.000000
1.145646 1.000000
1.152653 1.000000
1.159660 1.000000
1.166667 1.000000
1.173674 1.000000
1.180681 1.000000
1.187688 1.000000
1.194695 1.000000
1.201702 1.000000
1.208709 1.000000
1.215716 1.000000
1.222723 1.000000
1.229730 1.000000
1.236737 1.000000
1.243744 1.000000
1.250751 1.000000
1.257758 1.000000
1.264765 1.000000
1.271772 1.000000
1.278779 1.000000
1.285786 1.000000
1.292793 1.000000
1.299800 1.000000
1.306807 1.000000
1.313814 1.000000
1.320821 1.000000
1.327828 1.000000
1.334835 1.000000
1.341842 1.000000
1.348849 1.000000
1.355856 1.000000
1.362863 1.000000
1.369870 1.000000
1.376877 1.000000
1.383884 1.000000
1.390891 1.000000
1.397898 1.000000
1.404905 1.000000
1.411912 1.000000
1.418919 1.000000
1.425926 1.000000
1.432933 1.000000
1.439940 1.000000
1.446947 1.000000
1.453954 1.000000
1.460961 1.000000
1.467968 1.000000
1.474975 1.000000
1.481982 1.000000
1.488989 1.000000
1.495996 1.000000
1.503003 1.000000
1.510010 1.000000
1.517017 1.000000
1.524024 1.000000
1.531031 1.000000
1.538038 1.000000
1.545045 1.000000
1.552052 1.000000
1.559059 1.000000
1.566066 1.000000
1.573073 -1.000000
1.580080 -1.000000
1.587087 -1.000000
1.594094 -1.000000
1.601101 -1.000000
1.608108 -1.000000
1.615115 -1.000000
1.622122 -1.000000
1.629129 -1.000000
1.636136 -1.000000
1.643143 -1.000000
1.650150 -1.000000
1.657157 -1.000000
1.664164 -1.000000
1.671171 -1.000000
1.678178 -1.000000
1.685185 -1.000000
1.692192 -1.000000
1.699199 -1.000000
1.706206 -1.000000
1.713213 -1.000000
1.720220 -1.000000
1.727227 -1.000000
1.734234 -1.000000
1.741241 -1.000000
1.748248 -1.000000
1.755255 -1.000000
1.762262 -1.000000
1.769269 -1.000000
1.776276 -1.000000
1.783283 -1.000000
1.790290 -1.000000
1.797297 -1.000000
1.804304 -1.000000
1.811311 -1.000000
1.818318 -1.000000
1.825325 -1.000000
1.832332 -1.000000
1.839339 -1.000000
1.846346 -1.000000
1.853353 -1.000000
1.860360 -1.000000
1.867367 -1.000000
1.874374 -1.000000
1.881381 -1.000000
1.888388 -1.000000
1.895395 -1.000000
1.902402 -1.000000
1.909409 -1.000000
1.916416 -1.000000
1.923423 -1.000000
1.930430 -1.000000
1.937437 -1.000000
1.944444 -1.000000
1.951451 -1.000000
1.958458 -1.000000
1.965465 -1.000000
1.972472 -1.000000
1.979479 -1.000000
1.986486 -1.000000
1.993493 -1.000000
2.000501 -1.000000
2.007508 -1.000000
2.014515 -1.000000
2.021522 -1.000000
2.028529 -1.000000
2.035536 -1.000000
2.042543 -1.000000
2.049550 -1.000000
2.056557 -1.000000
2.063564 -1.000000
2.070571 -1.000000
2.077578 -1.000000
2.084585 -1.000000
2.091592 -1.000000
2.098599 -1.000000
2.105606 -1.000000
2.112613 -1.000000
2.119620 -1.000000
2.126627 -1.000000
2.133634 -1.000000
2.140641 -1.000000
2.147648 -1.000000
2.154655 -1.000000
2.161662 -1.000000
2.168669 -1.000000
2.175676 -1.000000
2.182683 -1.000000
2.189690 -1.000000
2.196697 -1.000000
2.203704 -1.000000
2.210711 -1.000000
2.217718 -1.000000
2.224725 -1.000000
2.231732 -1.000000
2.238739 -1.000000
2.245746 -1.000000
2.252753 -1.000000
2.259760 -1.000000
2.266767 -1.000000
2.273774 -1.000000
2.280781 -1.000000
2.287788 -1.000000
2.294795 -1.000000
2.301802 -1.000000
2.308809 -1.000000
2.315816 -1.000000
2.322823 -1.000000
2.329830 -1.000000
2.336837 -1.000000
2.343844 -1.000000
2.350851 -1.000000
2.357858 -1.000000
2.364865 -1.000000
2.371872 -1.000000
2.378879 -1.000000
2.385886 -1.000000
2.392893 -1.000000
2.399900 -1.000000
2.406907 -1.000000
2.413914 -1.000000
2.420921 -1.000000
2.427928 -1.000000
2.434935 -1.000000
2.441942 -1.000000
2.448949 -1.000000
2.455956 -1.000000
2.462963 -1.000000
2.469970 -1.000000
2.476977 -1.000000
2.483984 -1.000000
2.490991 -1.000000
2.497998 -1.000000
2.505005 -1.000000
2.512012 -1.000000
2.519019 -1.000000
2.526026 -1.000000
2.533033 -1.000000
2.540040 -1.000000
2.547047 -1.000000
2.554054 -1.000000
2.561061 -1.000000
2.568068 -1.000000
2.575075 -1.000000
2.582082 -1.000000
2.589089 -1.000000
2.596096 -1.000000
2.603103 -1.000000
2.610110 -1.000000
2.617117 -1.000000
2.624124 -1.000000
2.631131 -1.000000
2.638138 -1.000000
2.645145 -1.000000
2.652152 -1.000000
2.659159 -1.000000
2.666166 -1.000000
2.673173 -1.000000
2.680180 -1.000000
2.687187 -1.000000
2.694194 -1.000000
2.701201 -1.000000
2.708208 -1.000000
2.715215 -1.000000
2.722222 -1.000000
2.729229 -1.000000
2.736236 -1.000000
2.743243 -1.000000
2.750250 -1.000000
2.757257 -1.000000
2.764264 -1.000000
2.771271 -1.000000
2.778278 -1.000000
2.785285 -1.000000
2.792292 -1.000000
2.799299 -1.000000
2.806306 -1.000000
2.813313 -1.000000
2.820320 -1.000000
2.827327 -1.000000
2.834334 -1.000000
2.841341 -1.000000
2.848348 -1.000000
2.855355 -1.000000
2.862362 -1.000000
2.869369 -1.000000
2.876376 -1.000000
2.883383 -1.000000
2.890390 -1.000000
2.897397 -1.000000
2.904404 -1.000000
2.911411 -1.000000
2.918418 -1.000000
2.925425 -1.000000
2.932432 -1.000000
2.939439 -1.000000
2.946446 -1.000000
2.953453 -1.000000
2.960460 -1.000000
2.967467 -1.000000
2.974474 -1.000000
2.981481 -1.000000
2.988488 -1.000000
2.995495 -1.000000
3.002503 -1.000000
3.009510 -1.000000
3.016517 -1.000000
3.023524 -1.000000
3.030531 -1.000000
3.037538 -1.000000
3.044545 -1.000000
3.051552 -1.000000
3.058559 -1.000000
3.065566 -1.000000
3.072573 -1.000000
3.079580 -1.000000
3.086587 -1.000000
3.093594 -1.000000
3.100601 -1.000000
3.107608 -1.000000
3.114615 -1.000000
3.121622 -1.000000
3.128629 -1.000000
3.135636 -1.000000
3.142643 1.000000
3.149650 1.000000
3.156657 1.000000
3.163664 1.000000
3.170671 1.000000
3.177678 1.000000
3.184685 1.000000
3.191692 1.000000
3.198699 1.000000
3.205706 1.000000
3.212713 1.000000
3.219720 1.000000
3.226727 1.000000
3.233734 1.000000
3.240741 1.000000
3.247748 1.000000
3.254755 1.000000
3.261762 1.000000
3.268769 1.000000
3.275776 1.000000
3.282783 1.000000
3.289790 1.000000
3.296797 1.000000
3.303804 1.000000
3.310811 1.000000
3.317818 1.000000
3.324825 1.000000
3.331832 1.000000
3.338839 1.000000
3.345846 1.000000
3.352853 1.000000
3.359860 1.000000
3.366867 1.000000
3.373874 1.000000
3.380881 1.000000
3.387888 1.000000
3.394895 1.000000
3.401902 1.000000
3.408909 1.000000
3.415916 1.000000
3.422923 1.000000
3.429930 1.000000
3.436937 1.000000
3.443944 1.000000
3.450951 1.000000
3.457958 1.000000
3.464965 1.000000
3.471972 1.000000
3.478979 1.000000
3.485986 1.000000
3.492993 1.000000
3.500000 1.000000
