-1.000000 0.720585
-0.997998 0.674930
-0.995996 0.630297
-0.993994 0.586768
-0.991992 0.544425
-0.989990 0.503342
-0.987988 0.463588
-0.985986 0.425227
-0.983984 0.388318
-0.981982 0.352913
-0.979980 0.319061
-0.977978 0.286805
-0.975976 0.256182
-0.973974 0.227224
-0.971972 0.199961
-0.969970 0.174415
-0.967968 0.150605
-0.965966 0.128546
-0.963964 0.108246
-0.961962 0.089712
-0.959960 0.072946
-0.957958 0.057945
-0.955956 0.044703
-0.953954 0.033212
-0.951952 0.023459
-0.949950 0.015427
-0.947948 0.009098
-0.945946 0.004450
-0.943944 0.001459
-0.941942 0.000097
-0.939940 0.000336
-0.937938 0.002143
-0.935936 0.005485
-0.933934 0.010328
-0.931932 0.016633
-0.929930 0.024362
-0.927928 0.033474
-0.925926 0.043929
-0.923924 0.055684
-0.921922 0.068696
-0.919920 0.082919
-0.917918 0.098310
-0.915916 0.114821
-0.913914 0.132408
-0.911912 0.151024
-0.909910 0.170621
-0.907908 0.191153
-0.905906 0.212572
-0.903904 0.234833
-0.901902 0.257888
-0.899900 0.281690
-0.897898 0.306193
-0.895896 0.331351
-0.893894 0.357119
-0.891892 0.383452
-0.889890 0.410306
-0.887888 0.437636
-0.885886 0.465400
-0.883884 0.493555
-0.881882 0.522060
-0.879880 0.550875
-0.877878 0.579959
-0.875876 0.609274
-0.873874 0.638782
-0.871872 0.668445
-0.869870 0.698228
-0.867868 0.728097
-0.865866 0.758016
-0.863864 0.787953
-0.861862 0.817877
-0.859860 0.847756
-0.857858 0.877561
-0.855856 0.907264
-0.853854 0.936836
-0.851852 0.966251
-0.849850 0.995485
-0.847848 1.024512
-0.845846 1.053309
-0.843844 1.081854
-0.841842 1.110127
-0.839840 1.138107
-0.837838 1.165774
-0.835836 1.193112
-0.833834 1.220102
-0.831832 1.246729
-0.829830 1.272978
-0.827828 1.298834
-0.825826 1.324284
-0.823824 1.349317
-0.821822 1.373920
-0.819820 1.398083
-0.817818 1.421796
-0.815816 1.445050
-0.813814 1.467838
-0.811812 1.490151
-0.809810 1.511984
-0.807808 1.533330
-0.805806 1.554185
-0.803804 1.574544
-0.801802 1.594403
-0.799800 1.613759
-0.797798 1.632610
-0.795796 1.650954
-0.793794 1.668789
-0.791792 1.686115
-0.789790 1.702932
-0.787788 1.719239
-0.785786 1.735038
-0.783784 1.750330
-0.781782 1.765117
-0.779780 1.779400
-0.777778 1.793183
-0.775776 1.806467
-0.773774 1.819258
-0.771772 1.831557
-0.769770 1.843369
-0.767768 1.854699
-0.765766 1.865551
-0.763764 1.875930
-0.761762 1.885840
-0.759760 1.895288
-0.757758 1.904278
-0.755756 1.912817
-0.753754 1.920911
-0.751752 1.928565
-0.749750 1.935787
-0.747748 1.942582
-0.745746 1.948957
-0.743744 1.954919
-0.741742 1.960475
-0.739740 1.965631
-0.737738 1.970396
-0.735736 1.974775
-0.733734 1.978776
-0.731732 1.982407
-0.729730 1.985674
-0.727728 1.988585
-0.725726 1.991147
-0.723724 1.993368
-0.721722 1.995256
-0.719720 1.996816
-0.717718 1.998058
-0.715716 1.998988
-0.713714 1.999613
-0.711712 1.999942
-0.709710 1.999981
-0.707708 1.999738
-0.705706 1.999219
-0.703704 1.998433
-0.701702 1.997386
-0.699700 1.996085
-0.697698 1.994538
-0.695696 1.992750
-0.693694 1.990730
-0.691692 1.988485
-0.689690 1.986020
-0.687688 1.983342
-0.685686 1.980459
-0.683684 1.977376
-0.681682 1.974100
-0.679680 1.970637
-0.677678 1.966995
-0.675676 1.963178
-0.673674 1.959192
-0.671672 1.955045
-0.669670 1.950742
-0.667668 1.946287
-0.665666 1.941689
-0.663664 1.936950
-0.661662 1.932078
-0.659660 1.927078
-0.657658 1.921955
-0.655656 1.916714
-0.653654 1.911360
-0.651652 1.905898
-0.649650 1.900333
-0.647648 1.894670
-0.645646 1.888914
-0.643644 1.883069
-0.641642 1.877139
-0.639640 1.871130
-0.637638 1.865045
-0.635636 1.858888
-0.633634 1.852664
-0.631632 1.846376
-0.629630 1.840029
-0.627628 1.833627
-0.625626 1.827172
-0.623624 1.820669
-0.621622 1.814122
-0.619620 1.807533
-0.617618 1.800906
-0.615616 1.794244
-0.613614 1.787550
-0.611612 1.780829
-0.609610 1.774082
-0.607608 1.767312
-0.605606 1.760522
-0.603604 1.753716
-0.601602 1.746896
-0.599600 1.740063
-0.597598 1.733222
-0.595596 1.726374
-0.593594 1.719522
-0.591592 1.712668
-0.589590 1.705814
-0.587588 1.698963
-0.585586 1.692116
-0.583584 1.685276
-0.581582 1.678444
-0.579580 1.671623
-0.577578 1.664814
-0.575576 1.658018
-0.573574 1.651239
-0.571572 1.644477
-0.569570 1.637734
-0.567568 1.631011
-0.565566 1.624310
-0.563564 1.617633
-0.561562 1.610980
-0.559560 1.604354
-0.557558 1.597754
-0.555556 1.591184
-0.553554 1.584642
-0.551552 1.578132
-0.549550 1.571653
-0.547548 1.565208
-0.545546 1.558796
-0.543544 1.552419
-0.541542 1.546077
-0.539540 1.539772
-0.537538 1.533504
-0.535536 1.527275
-0.533534 1.521084
-0.531532 1.514932
-0.529530 1.508821
-0.527528 1.502751
-0.525526 1.496722
-0.523524 1.490734
-0.521522 1.484790
-0.519520 1.478888
-0.517518 1.473029
-0.515516 1.467215
-0.513514 1.461444
-0.511512 1.455719
-0.509510 1.450038
-0.507508 1.444402
-0.505506 1.438812
-0.503504 1.433268
-0.501502 1.427770
-0.499499 1.422318
-0.497497 1.416912
-0.495495 1.411553
-0.493493 1.406241
-0.491491 1.400976
-0.489489 1.395758
-0.487487 1.390588
-0.485485 1.385464
-0.483483 1.380388
-0.481481 1.375359
-0.479479 1.370377
-0.477477 1.365443
-0.475475 1.360556
-0.473473 1.355717
-0.471471 1.350925
-0.469469 1.346180
-0.467467 1.341482
-0.465465 1.336831
-0.463463 1.332228
-0.461461 1.327671
-0.459459 1.323161
-0.457457 1.318698
-0.455455 1.314281
-0.453453 1.309911
-0.451451 1.305586
-0.449449 1.301308
-0.447447 1.297076
-0.445445 1.292890
-0.443443 1.288749
-0.441441 1.284653
-0.439439 1.280602
-0.437437 1.276597
-0.435435 1.272635
-0.433433 1.268719
-0.431431 1.264846
-0.429429 1.261018
-0.427427 1.257233
-0.425425 1.253491
-0.423423 1.249793
-0.421421 1.246137
-0.419419 1.242524
-0.417417 1.238954
-0.415415 1.235425
-0.413413 1.231939
-0.411411 1.228494
-0.409409 1.225089
-0.407407 1.221726
-0.405405 1.218404
-0.403403 1.215122
-0.401401 1.211879
-0.399399 1.208677
-0.397397 1.205514
-0.395395 1.202389
-0.393393 1.199304
-0.391391 1.196257
-0.389389 1.193248
-0.387387 1.190277
-0.385385 1.187343
-0.383383 1.184447
-0.381381 1.181587
-0.379379 1.178764
-0.377377 1.175977
-0.375375 1.173225
-0.373373 1.170510
-0.371371 1.167829
-0.369369 1.165183
-0.367367 1.162572
-0.365365 1.159995
-0.363363 1.157452
-0.361361 1.154942
-0.359359 1.152466
-0.357357 1.150022
-0.355355 1.147611
-0.353353 1.145232
-0.351351 1.142885
-0.349349 1.140570
-0.347347 1.138286
-0.345345 1.136033
-0.343343 1.133810
-0.341341 1.131617
-0.339339 1.129455
-0.337337 1.127322
-0.335335 1.125218
-0.333333 1.123143
-0.331331 1.121097
-0.329329 1.119080
-0.327327 1.117090
-0.325325 1.115128
-0.323323 1.113193
-0.321321 1.111285
-0.319319 1.109404
-0.317317 1.107550
-0.315315 1.105722
-0.313313 1.103919
-0.311311 1.102142
-0.309309 1.100390
-0.307307 1.098664
-0.305305 1.096961
-0.303303 1.095283
-0.301301 1.093630
-0.299299 1.091999
-0.297297 1.090393
-0.295295 1.088809
-0.293293 1.087248
-0.291291 1.085710
-0.289289 1.084194
-0.287287 1.082701
-0.285285 1.081228
-0.283283 1.079778
-0.281281 1.078348
-0.279279 1.076940
-0.277277 1.075552
-0.275275 1.074184
-0.273273 1.072836
-0.271271 1.071509
-0.269269 1.070201
-0.267267 1.068912
-0.265265 1.067642
-0.263263 1.066391
-0.261261 1.065159
-0.259259 1.063945
-0.257257 1.062749
-0.255255 1.061570
-0.253253 1.060410
-0.251251 1.059266
-0.249249 1.058140
-0.247247 1.057030
-0.245245 1.055937
-0.243243 1.054861
-0.241241 1.053801
-0.239239 1.052756
-0.237237 1.051728
-0.235235 1.050714
-0.233233 1.049716
-0.231231 1.048733
-0.229229 1.047765
-0.227227 1.046812
-0.225225 1.045873
-0.223223 1.044948
-0.221221 1.044037
-0.219219 1.043140
-0.217217 1.042257
-0.215215 1.041386
-0.213213 1.040530
-0.211211 1.039686
-0.209209 1.038855
-0.207207 1.038037
-0.205205 1.037231
-0.203203 1.036437
-0.201201 1.035656
-0.199199 1.034886
-0.197197 1.034129
-0.195195 1.033383
-0.193193 1.032648
-0.191191 1.031924
-0.189189 1.031212
-0.187187 1.030511
-0.185185 1.029820
-0.183183 1.029140
-0.181181 1.028471
-0.179179 1.027812
-0.177177 1.027163
-0.175175 1.026524
-0.173173 1.025895
-0.171171 1.025276
-0.169169 1.024666
-0.167167 1.024066
-0.165165 1.023475
-0.163163 1.022894
-0.161161 1.022322
-0.159159 1.021758
-0.157157 1.021204
-0.155155 1.020658
-0.153153 1.020121
-0.151151 1.019593
-0.149149 1.019073
-0.147147 1.018561
-0.145145 1.018057
-0.143143 1.017562
-0.141141 1.017075
-0.139139 1.016595
-0.137137 1.016124
-0.135135 1.015660
-0.133133 1.015204
-0.131131 1.014755
-0.129129 1.014314
-0.127127 1.013880
-0.125125 1.013454
-0.123123 1.013035
-0.121121 1.012623
-0.119119 1.012218
-0.117117 1.011820
-0.115115 1.011430
-0.113113 1.011046
-0.111111 1.010669
-0.109109 1.010299
-0.107107 1.009936
-0.105105 1.009579
-0.103103 1.009229
-0.101101 1.008886
-0.099099 1.008549
-0.097097 1.008219
-0.095095 1.007896
-0.093093 1.007578
-0.091091 1.007268
-0.089089 1.006964
-0.087087 1.006666
-0.085085 1.006374
-0.083083 1.006089
-0.081081 1.005811
-0.079079 1.005538
-0.077077 1.005272
-0.075075 1.005012
-0.073073 1.004759
-0.071071 1.004512
-0.069069 1.004271
-0.067067 1.004036
-0.065065 1.003808
-0.063063 1.003586
-0.061061 1.003370
-0.059059 1.003161
-0.057057 1.002958
-0.055055 1.002762
-0.053053 1.002571
-0.051051 1.002388
-0.049049 1.002210
-0.047047 1.002039
-0.045045 1.001875
-0.043043 1.001717
-0.041041 1.001566
-0.039039 1.001421
-0.037037 1.001283
-0.035035 1.001152
-0.033033 1.001027
-0.031031 1.000910
-0.029029 1.000799
-0.027027 1.000695
-0.025025 1.000598
-0.023023 1.000508
-0.021021 1.000425
-0.019019 1.000349
-0.017017 1.000280
-0.015015 1.000219
-0.013013 1.000165
-0.011011 1.000119
-0.009009 1.000080
-0.007007 1.000048
-0.005005 1.000025
-0.003003 1.000009
-0.001001 1.000001
0.001001 1.000001
0.003003 1.000009
0.005005 1.000025
0.007007 1.000050
0.009009 1.000083
0.011011 1.000124
0.013013 1.000174
0.015015 1.000233
0.017017 1.000300
0.019019 1.000376
0.021021 1.000462
0.023023 1.000556
0.025025 1.000660
0.027027 1.000774
0.029029 1.000897
0.031031 1.001029
0.033033 1.001172
0.035035 1.001324
0.037037 1.001487
0.039039 1.001659
0.041041 1.001842
0.043043 1.002036
0.045045 1.002241
0.047047 1.002456
0.049049 1.002682
0.051051 1.002920
0.053053 1.003169
0.055055 1.003429
0.057057 1.003701
0.059059 1.003985
0.061061 1.004281
0.063063 1.004589
0.065065 1.004910
0.067067 1.005243
0.069069 1.005589
0.071071 1.005948
0.073073 1.006320
0.075075 1.006705
0.077077 1.007104
0.079079 1.007516
0.081081 1.007943
0.083083 1.008383
0.085085 1.008838
0.087087 1.009308
0.089089 1.009792
0.091091 1.010291
0.093093 1.010805
0.095095 1.011335
0.097097 1.011881
0.099099 1.012442
0.101101 1.013019
0.103103 1.013613
0.105105 1.014223
0.107107 1.014850
0.109109 1.015494
0.111111 1.016155
0.113113 1.016834
0.115115 1.017531
0.117117 1.018245
0.119119 1.018978
0.121121 1.019729
0.123123 1.020499
0.125125 1.021289
0.127127 1.022097
0.129129 1.022925
0.131131 1.023773
0.133133 1.024640
0.135135 1.025529
0.137137 1.026437
0.139139 1.027367
0.141141 1.028318
0.143143 1.029291
0.145145 1.030285
0.147147 1.031301
0.149149 1.032340
0.151151 1.033401
0.153153 1.034485
0.155155 1.035592
0.157157 1.036723
0.159159 1.037878
0.161161 1.039057
0.163163 1.040260
0.165165 1.041488
0.167167 1.042741
0.169169 1.044020
0.171171 1.045324
0.173173 1.046654
0.175175 1.048010
0.177177 1.049394
0.179179 1.050804
0.181181 1.052241
0.183183 1.053706
0.185185 1.055199
0.187187 1.056720
0.189189 1.058270
0.191191 1.059849
0.193193 1.061458
0.195195 1.063095
0.197197 1.064763
0.199199 1.066462
0.201201 1.068190
0.203203 1.069950
0.205205 1.071742
0.207207 1.073565
0.209209 1.075420
0.211211 1.077308
0.213213 1.079228
0.215215 1.081182
0.217217 1.083169
0.219219 1.085190
0.221221 1.087245
0.223223 1.089335
0.225225 1.091460
0.227227 1.093621
0.229229 1.095817
0.231231 1.098049
0.233233 1.100317
0.235235 1.102623
0.237237 1.104965
0.239239 1.107345
0.241241 1.109763
0.243243 1.112220
0.245245 1.114715
0.247247 1.117249
0.249249 1.119823
0.251251 1.122436
0.253253 1.125090
0.255255 1.127784
0.257257 1.130519
0.259259 1.133295
0.261261 1.136113
0.263263 1.138973
0.265265 1.141876
0.267267 1.144821
0.269269 1.147809
0.271271 1.150841
0.273273 1.153917
0.275275 1.157037
0.277277 1.160202
0.279279 1.163411
0.281281 1.166666
0.283283 1.169967
0.285285 1.173313
0.287287 1.176706
0.289289 1.180146
0.291291 1.183632
0.293293 1.187167
0.295295 1.190748
0.297297 1.194378
0.299299 1.198056
0.301301 1.201783
0.303303 1.205559
0.305305 1.209385
0.307307 1.213260
0.309309 1.217184
0.311311 1.221160
0.313313 1.225185
0.315315 1.229262
0.317317 1.233389
0.319319 1.237568
0.321321 1.241798
0.323323 1.246081
0.325325 1.250415
0.327327 1.254802
0.329329 1.259241
0.331331 1.263733
0.333333 1.268278
0.335335 1.272876
0.337337 1.277528
0.339339 1.282232
0.341341 1.286991
0.343343 1.291804
0.345345 1.296670
0.347347 1.301591
0.349349 1.306565
0.351351 1.311594
0.353353 1.316678
0.355355 1.321815
0.357357 1.327007
0.359359 1.332254
0.361361 1.337555
0.363363 1.342911
0.365365 1.348321
0.367367 1.353785
0.369369 1.359304
0.371371 1.364877
0.373373 1.370504
0.375375 1.376185
0.377377 1.381920
0.379379 1.387708
0.381381 1.393550
0.383383 1.399446
0.385385 1.405394
0.387387 1.411395
0.389389 1.417448
0.391391 1.423553
0.393393 1.429710
0.395395 1.435918
0.397397 1.442177
0.399399 1.448486
0.401401 1.454845
0.403403 1.461253
0.405405 1.467710
0.407407 1.474215
0.409409 1.480767
0.411411 1.487366
0.413413 1.494011
0.415415 1.500702
0.417417 1.507436
0.419419 1.514215
0.421421 1.521036
0.423423 1.527898
0.425425 1.534802
0.427427 1.541745
0.429429 1.548726
0.431431 1.555745
0.433433 1.562800
0.435435 1.569890
0.437437 1.577014
0.439439 1.584170
0.441441 1.591357
0.443443 1.598573
0.445445 1.605816
0.447447 1.613086
0.449449 1.620381
0.451451 1.627698
0.453453 1.635036
0.455455 1.642393
0.457457 1.649768
0.459459 1.657157
0.461461 1.664559
0.463463 1.671973
0.465465 1.679394
0.467467 1.686822
0.469469 1.694254
0.471471 1.701687
0.473473 1.709120
0.475475 1.716548
0.477477 1.723969
0.479479 1.731382
0.481481 1.738782
0.483483 1.746166
0.485485 1.753533
0.487487 1.760877
0.489489 1.768197
0.491491 1.775489
0.493493 1.782749
0.495495 1.789973
0.497497 1.797159
0.499499 1.804302
0.501502 1.811399
0.503504 1.818445
0.505506 1.825437
0.507508 1.832369
0.509510 1.839239
0.511512 1.846041
0.513514 1.852771
0.515516 1.859425
0.517518 1.865997
0.519520 1.872483
0.521522 1.878879
0.523524 1.885177
0.525526 1.891375
0.527528 1.897466
0.529530 1.903445
0.531532 1.909306
0.533534 1.915045
0.535536 1.920654
0.537538 1.926129
0.539540 1.931463
0.541542 1.936650
0.543544 1.941684
0.545546 1.946559
0.547548 1.951268
0.549550 1.955805
0.551552 1.960163
0.553554 1.964336
0.555556 1.968316
0.557558 1.972097
0.559560 1.975671
0.561562 1.979032
0.563564 1.982173
0.565566 1.985085
0.567568 1.987761
0.569570 1.990195
0.571572 1.992378
0.573574 1.994304
0.575576 1.995963
0.577578 1.997348
0.579580 1.998452
0.581582 1.999267
0.583584 1.999783
0.585586 1.999995
0.587588 1.999893
0.589590 1.999469
0.591592 1.998716
0.593594 1.997625
0.595596 1.996188
0.597598 1.994396
0.599600 1.992243
0.601602 1.989718
0.603604 1.986816
0.605606 1.983526
0.607608 1.979842
0.609610 1.975756
0.611612 1.971259
0.613614 1.966343
0.615616 1.961001
0.617618 1.955226
0.619620 1.949009
0.621622 1.942344
0.623624 1.935222
0.625626 1.927638
0.627628 1.919584
0.629630 1.911053
0.631632 1.902039
0.633634 1.892535
0.635636 1.882536
0.637638 1.872036
0.639640 1.861028
0.641642 1.849509
0.643644 1.837473
0.645646 1.824916
0.647648 1.811832
0.649650 1.798220
0.651652 1.784074
0.653654 1.769392
0.655656 1.754172
0.657658 1.738411
0.659660 1.722108
0.661662 1.705262
0.663664 1.687872
0.665666 1.669937
0.667668 1.651460
0.669670 1.632440
0.671672 1.612881
0.673674 1.592783
0.675676 1.572151
0.677678 1.550988
0.679680 1.529299
0.681682 1.507089
0.683684 1.484365
0.685686 1.461133
0.687688 1.437402
0.689690 1.413179
0.691692 1.388475
0.693694 1.363300
0.695696 1.337666
0.697698 1.311584
0.699700 1.285068
0.701702 1.258133
0.703704 1.230794
0.705706 1.203067
0.707708 1.174970
0.709710 1.146521
0.711712 1.117740
0.713714 1.088648
0.715716 1.059266
0.717718 1.029619
0.719720 0.999729
0.721722 0.969623
0.723724 0.939326
0.725726 0.908867
0.727728 0.878275
0.729730 0.847579
0.731732 0.816811
0.733734 0.786002
0.735736 0.755188
0.737738 0.724402
0.739740 0.693680
0.741742 0.663060
0.743744 0.632579
0.745746 0.602277
0.747748 0.572194
0.749750 0.542371
0.751752 0.512850
0.753754 0.483676
0.755756 0.454891
0.757758 0.426541
0.759760 0.398671
0.761762 0.371330
0.763764 0.344563
0.765766 0.318418
0.767768 0.292945
0.769770 0.268192
0.771772 0.244209
0.773774 0.221044
0.775776 0.198750
0.777778 0.177375
0.779780 0.156969
0.781782 0.137584
0.783784 0.119268
0.785786 0.102072
0.787788 0.086044
0.789790 0.071233
0.791792 0.057688
0.793794 0.045456
0.795796 0.034582
0.797798 0.025113
0.799800 0.017091
0.801802 0.010559
0.803804 0.005559
0.805806 0.002129
0.807808 0.000307
0.809810 0.000128
0.811812 0.001624
0.813814 0.004827
0.815816 0.009764
0.817818 0.016460
0.819820 0.024938
0.821822 0.035216
0.823824 0.047311
0.825826 0.061233
0.827828 0.076992
0.829830 0.094593
0.831832 0.114035
0.833834 0.135315
0.835836 0.158424
0.837838 0.183351
0.839840 0.210078
0.841842 0.238582
0.843844 0.268836
0.845846 0.300807
0.847848 0.334459
0.849850 0.369747
0.851852 0.406624
0.853854 0.445034
0.855856 0.484919
0.857858 0.526212
0.859860 0.568843
0.861862 0.612735
0.863864 0.657804
0.865866 0.703962
0.867868 0.751115
0.869870 0.799163
0.871872 0.848000
0.873874 0.897516
0.875876 0.947594
0.877878 0.998113
0.879880 1.048946
0.881882 1.099961
0.883884 1.151024
0.885886 1.201994
0.887888 1.252726
0.889890 1.303075
0.891892 1.352887
0.893894 1.402010
0.895896 1.450288
0.897898 1.497561
0.899900 1.543671
0.901902 1.588457
0.903904 1.631758
0.905906 1.673412
0.907908 1.713260
0.909910 1.751143
0.911912 1.786904
0.913914 1.820389
0.915916 1.851448
0.917918 1.879934
0.919920 1.905706
0.921922 1.928628
0.923924 1.948572
0.925926 1.965414
0.927928 1.979042
0.929930 1.989350
0.931932 1.996243
0.933934 1.999635
0.935936 1.999454
0.937938 1.995637
0.939940 1.988135
0.941942 1.976912
0.943944 1.961947
0.945946 1.943232
0.947948 1.920778
0.949950 1.894607
0.951952 1.864762
0.953954 1.831299
0.955956 1.794295
0.957958 1.753842
0.959960 1.710051
0.961962 1.663050
0.963964 1.612987
0.965966 1.560028
0.967968 1.504354
0.969970 1.446167
0.971972 1.385685
0.973974 1.323144
0.975976 1.258796
0.977978 1.192909
0.979980 1.125765
0.981982 1.057662
0.983984 0.988908
0.985986 0.919828
0.987988 0.850752
0.989990 0.782023
0.991992 0.713990
0.993994 0.647008
0.995996 0.581438
0.997998 0.517641
1.000000 0.455979
