-5.000000 0.815574
-4.989990 0.254981
-4.979980 1.877775
-4.969970 1.353757
-4.959960 0.089249
-4.949950 0.362608
-4.939940 1.402089
-4.929930 1.968478
-4.919920 1.898409
-4.909910 1.571014
-4.899900 1.292223
-4.889890 1.180750
-4.879880 1.259518
-4.869870 1.512473
-4.859860 1.845530
-4.849850 1.995064
-4.839840 1.578111
-4.829830 0.583030
-4.819820 0.004659
-4.809810 0.952978
-4.799800 1.999999
-4.789790 0.769733
-4.779780 0.206195
-4.769770 1.952672
-4.759760 0.533601
-4.749750 0.893888
-4.739740 1.491200
-4.729730 0.327905
-4.719720 1.701714
-4.709710 0.405575
-4.699700 1.308929
-4.689690 1.187750
-4.679680 0.234715
-4.669670 1.986875
-4.659660 0.639346
-4.649650 0.250035
-4.639640 1.783346
-4.629630 1.620459
-4.619620 0.334718
-4.609610 0.071338
-4.599600 0.859108
-4.589590 1.670829
-4.579580 1.991463
-4.569570 1.919991
-4.559560 1.720845
-4.549550 1.574246
-4.539540 1.554107
-4.529530 1.667680
-4.519520 1.863579
-4.509510 1.998723
-4.499499 1.829088
-4.489489 1.167620
-4.479479 0.279105
-4.469469 0.068219
-4.459459 1.100715
-4.449449 1.999972
-4.439439 0.954448
-4.429429 0.033455
-4.419419 1.591759
-4.409409 1.393503
-4.399399 0.040967
-4.389389 1.907253
-4.379379 0.458282
-4.369369 1.163869
-4.359359 1.087508
-4.349349 0.816114
-4.339339 1.127718
-4.329329 1.082182
-4.319319 0.569209
-4.309309 1.819477
-4.299299 0.001576
-4.289289 1.642369
-4.279279 1.266123
-4.269269 0.017117
-4.259259 1.471920
-4.249249 1.796160
-4.239239 0.385923
-4.229229 0.135275
-4.219219 1.243050
-4.209209 1.983819
-4.199199 1.681673
-4.189189 0.892934
-4.179179 0.267684
-4.169169 0.015591
-4.159159 0.032076
-4.149149 0.144325
-4.139139 0.231185
-4.129129 0.237905
-4.119119 0.161328
-4.109109 0.047545
-4.099099 0.004427
-4.089089 0.194665
-4.079079 0.743117
-4.069069 1.524385
-4.059059 1.997384
-4.049049 1.533466
-4.039039 0.393953
-4.029029 0.089670
-4.019019 1.328142
-4.009009 1.931137
-3.998999 0.483400
-3.988989 0.334376
-3.978979 1.955512
-3.968969 0.744665
-3.958959 0.413292
-3.948949 1.982754
-3.938939 0.097445
-3.928929 1.581528
-3.918919 0.761379
-3.908909 0.986040
-3.898899 1.144256
-3.888889 0.848485
-3.878879 1.036617
-3.868869 1.199673
-3.858859 0.468639
-3.848849 1.862547
-3.838839 0.002436
-3.828829 1.704007
-3.818819 1.057884
-3.808809 0.150408
-3.798799 1.868100
-3.788789 1.140287
-3.778779 0.007368
-3.768769 1.264646
-3.758759 1.955634
-3.748749 0.786116
-3.738739 0.000164
-3.728729 0.711517
-3.718719 1.754335
-3.708709 1.949549
-3.698699 1.322290
-3.688689 0.534144
-3.678679 0.072727
-3.668669 0.021771
-3.658659 0.230512
-3.648649 0.518121
-3.638639 0.766749
-3.628629 0.924768
-3.618619 0.978154
-3.608609 0.925613
-3.598599 0.769561
-3.588589 0.524552
-3.578579 0.240402
-3.568569 0.027999
-3.558559 0.056185
-3.548549 0.470950
-3.538539 1.219155
-3.528529 1.891530
-3.518519 1.872534
-3.508509 0.979680
-3.498498 0.067745
-3.488488 0.385534
-3.478478 1.656382
-3.468468 1.813414
-3.458458 0.416631
-3.448448 0.249289
-3.438438 1.793532
-3.428428 1.355730
-3.418418 0.000238
-3.408408 1.480997
-3.398398 1.475168
-3.388388 0.014758
-3.378378 1.802782
-3.368368 0.788329
-3.358358 0.597972
-3.348348 1.813213
-3.338338 0.015406
-3.328328 1.983909
-3.318318 0.097644
-3.308308 1.812330
-3.298298 0.242540
-3.288288 1.756857
-3.278278 0.189607
-3.268268 1.899171
-3.258258 0.018702
-3.248248 1.988597
-3.238238 0.164154
-3.228228 1.457465
-3.218218 1.123110
-3.208208 0.278829
-3.198198 2.000000
-3.188188 0.337936
-3.178178 0.795611
-3.168168 1.937941
-3.158158 0.259866
-3.148148 0.667682
-3.138138 1.999803
-3.128128 0.781976
-3.118118 0.071561
-3.108108 1.446760
-3.098098 1.892517
-3.088088 0.614824
-3.078078 0.030141
-3.068068 1.020643
-3.058058 1.960891
-3.048048 1.610799
-3.038038 0.553795
-3.028028 0.001979
-3.018018 0.385232
-3.008008 1.234104
-2.997998 1.873304
-2.987988 1.970246
-2.977978 1.600877
-2.967968 1.034207
-2.957958 0.515845
-2.947948 0.172455
-2.937938 0.019255
-2.927928 0.008918
-2.917918 0.077011
-2.907908 0.167967
-2.897898 0.243710
-2.887888 0.282724
-2.877878 0.276355
-2.867868 0.226272
-2.857858 0.144603
-2.847848 0.056368
-2.837838 0.002125
-2.827828 0.036638
-2.817818 0.217649
-2.807808 0.579540
-2.797798 1.093570
-2.787788 1.631967
-2.777778 1.972732
-2.767768 1.886818
-2.757758 1.309451
-2.747748 0.501317
-2.737738 0.011466
-2.727728 0.307289
-2.717718 1.248798
-2.707708 1.970481
-2.697698 1.628748
-2.687688 0.509466
-2.677678 0.018437
-2.667668 0.929325
-2.657658 1.961908
-2.647648 1.413783
-2.637638 0.132328
-2.627628 0.470171
-2.617618 1.857015
-2.607608 1.452505
-2.597598 0.058418
-2.587588 0.837170
-2.577578 1.997563
-2.567568 0.651250
-2.557558 0.232104
-2.547548 1.884973
-2.537538 1.041397
-2.527528 0.100813
-2.517518 1.840453
-2.507508 0.976932
-2.497497 0.215512
-2.487487 1.978792
-2.477477 0.487130
-2.467467 0.763709
-2.457457 1.823265
-2.447447 0.002952
-2.437437 1.758556
-2.427427 0.727946
-2.417417 0.739864
-2.407407 1.685560
-2.397397 0.067420
-2.387387 1.999516
-2.377377 0.073673
-2.367367 1.767114
-2.357357 0.428246
-2.347347 1.377499
-2.337337 0.792224
-2.327327 1.074810
-2.317317 1.016548
-2.307307 0.934681
-2.297297 1.071886
-2.287287 0.963337
-2.277277 0.959921
-2.267267 1.157307
-2.257257 0.688685
-2.247247 1.493024
-2.237237 0.315037
-2.227227 1.858933
-2.217217 0.024040
-2.207207 1.990616
-2.197197 0.138445
-2.187187 1.568570
-2.177177 0.867023
-2.167167 0.633261
-2.157157 1.796510
-2.147147 0.002212
-2.137137 1.851126
-2.127127 0.645052
-2.117117 0.677722
-2.107107 1.869658
-2.097097 0.029893
-2.087087 1.505159
-2.077077 1.296374
-2.067067 0.081066
-2.057057 1.881046
-2.047047 0.853952
-2.037037 0.270266
-2.027027 1.970302
-2.017017 0.707397
-2.007007 0.307752
-1.996997 1.959086
-1.986987 0.841519
-1.976977 0.160429
-1.966967 1.818465
-1.956957 1.255178
-1.946947 0.002172
-1.936937 1.352371
-1.926927 1.811057
-1.916917 0.241871
-1.906907 0.517436
-1.896897 1.947549
-1.886887 1.174364
-1.876877 0.001410
-1.866867 1.041453
-1.856857 1.994094
-1.846847 0.851523
-1.836837 0.013195
-1.826827 1.149275
-1.816817 1.993851
-1.806807 0.953749
-1.796797 0.000964
-1.786787 0.841351
-1.776777 1.955440
-1.766767 1.448073
-1.756757 0.206294
-1.746747 0.237419
-1.736737 1.449627
-1.726727 1.978920
-1.716717 1.078102
-1.706707 0.073201
-1.696697 0.344775
-1.686687 1.483321
-1.676677 1.991503
-1.666667 1.262278
-1.656657 0.224187
-1.646647 0.099240
-1.636637 0.989517
-1.626627 1.881850
-1.616617 1.837166
-1.606607 0.942626
-1.596597 0.114812
-1.586587 0.135106
-1.576577 0.945363
-1.566567 1.793407
-1.556557 1.956023
-1.546547 1.333274
-1.536537 0.456074
-1.526527 0.004899
-1.516517 0.288841
-1.506507 1.069743
-1.496496 1.791496
-1.486486 1.985811
-1.476476 1.558805
-1.466466 0.801846
-1.456456 0.172100
-1.446446 0.013440
-1.436436 0.384393
-1.426426 1.064464
-1.416416 1.700832
-1.406406 1.995245
-1.396396 1.834291
-1.386386 1.314820
-1.376376 0.674443
-1.366366 0.175692
-1.356356 0.000227
-1.346346 0.192173
-1.336336 0.661575
-1.326326 1.234152
-1.316316 1.720500
-1.306306 1.977760
-1.296296 1.945820
-1.286286 1.652527
-1.276276 1.193077
-1.266266 0.694994
-1.256256 0.281243
-1.246246 0.041382
-1.236236 0.016090
-1.226226 0.195744
-1.216216 0.530202
-1.206206 0.945138
-1.196196 1.360018
-1.186186 1.703747
-1.176176 1.925522
-1.166166 1.999996
-1.156156 1.927167
-1.146146 1.728247
-1.136136 1.439123
-1.126126 1.103000
-1.116116 0.763525
-1.106106 0.459263
-1.096096 0.219966
-1.086086 0.064690
-1.076076 0.001572
-1.066066 0.028868
-1.056056 0.136847
-1.046046 0.310104
-1.036036 0.529936
-1.026026 0.776533
-1.016016 1.030790
-1.006006 1.275677
-0.995996 1.497125
-0.985986 1.684501
-0.975976 1.830697
-0.965966 1.931949
-0.955956 1.987459
-0.945946 1.998885
-0.935936 1.969801
-0.925926 1.905135
-0.915916 1.810664
-0.905906 1.692560
-0.895896 1.557024
-0.885886 1.409989
-0.875876 1.256914
-0.865866 1.102636
-0.855856 0.951296
-0.845846 0.806305
-0.835836 0.670357
-0.825826 0.545467
-0.815816 0.433030
-0.805806 0.333894
-0.795796 0.248434
-0.785786 0.176635
-0.775776 0.118162
-0.765766 0.072435
-0.755756 0.038689
-0.745746 0.016030
-0.735736 0.003484
-0.725726 0.000036
-0.715716 0.004662
-0.705706 0.016355
-0.695696 0.034146
-0.685686 0.057115
-0.675676 0.084404
-0.665666 0.115220
-0.655656 0.148844
-0.645646 0.184625
-0.635636 0.221984
-0.625626 0.260408
-0.615616 0.299449
-0.605606 0.338719
-0.595596 0.377886
-0.585586 0.416669
-0.575576 0.454830
-0.565566 0.492177
-0.555556 0.528551
-0.545546 0.563828
-0.535536 0.597911
-0.525526 0.630729
-0.515516 0.662231
-0.505506 0.692387
-0.495495 0.721180
-0.485485 0.748608
-0.475475 0.774680
-0.465465 0.799413
-0.455455 0.822834
-0.445445 0.844973
-0.435435 0.865867
-0.425425 0.885556
-0.415415 0.904084
-0.405405 0.921495
-0.395395 0.937836
-0.385385 0.953153
-0.375375 0.967495
-0.365365 0.980908
-0.355355 0.993440
-0.345345 1.005137
-0.335335 1.016044
-0.325325 1.026206
-0.315315 1.035665
-0.305305 1.044464
-0.295295 1.052642
-0.285285 1.060238
-0.275275 1.067290
-0.265265 1.073832
-0.255255 1.079898
-0.245245 1.085521
-0.235235 1.090732
-0.225225 1.095558
-0.215215 1.100027
-0.205205 1.104164
-0.195195 1.107993
-0.185185 1.111536
-0.175175 1.114812
-0.165165 1.117841
-0.155155 1.120639
-0.145145 1.123220
-0.135135 1.125600
-0.125125 1.127788
-0.115115 1.129796
-0.105105 1.131630
-0.095095 1.133299
-0.085085 1.134807
-0.075075 1.136156
-0.065065 1.137349
-0.055055 1.138385
-0.045045 1.139263
-0.035035 1.139979
-0.025025 1.140528
-0.015015 1.140903
-0.005005 1.141095
0.005005 1.141095
0.015015 1.140890
0.025025 1.140466
0.035035 1.139809
0.045045 1.138901
0.055055 1.137724
0.065065 1.136258
0.075075 1.134479
0.085085 1.132365
0.095095 1.129889
0.105105 1.127025
0.115115 1.123743
0.125125 1.120013
0.135135 1.115801
0.145145 1.111074
0.155155 1.105794
0.165165 1.099926
0.175175 1.093427
0.185185 1.086258
0.195195 1.078375
0.205205 1.069733
0.215215 1.060285
0.225225 1.049984
0.235235 1.038779
0.245245 1.026621
0.255255 1.013458
0.265265 0.999237
0.275275 0.983904
0.285285 0.967406
0.295295 0.949689
0.305305 0.930703
0.315315 0.910394
0.325325 0.888715
0.335335 0.865619
0.345345 0.841066
0.355355 0.815018
0.365365 0.787448
0.375375 0.758334
0.385385 0.727667
0.395395 0.695451
0.405405 0.661704
0.415415 0.626465
0.425425 0.589794
0.435435 0.551774
0.445445 0.512522
0.455455 0.472186
0.465465 0.430955
0.475475 0.389060
0.485485 0.346782
0.495495 0.304459
0.505506 0.262485
0.515516 0.221325
0.525526 0.181510
0.535536 0.143650
0.545546 0.108430
0.555556 0.076616
0.565566 0.049056
0.575576 0.026672
0.585586 0.010459
0.595596 0.001471
0.605606 0.000807
0.615616 0.009590
0.625626 0.028940
0.635636 0.059935
0.645646 0.103571
0.655656 0.160705
0.665666 0.231997
0.675676 0.317835
0.685686 0.418261
0.695696 0.532882
0.705706 0.660786
0.715716 0.800455
0.725726 0.949688
0.735736 1.105536
0.745746 1.264264
0.755756 1.421344
0.765766 1.571497
0.775776 1.708795
0.785786 1.826830
0.795796 1.918965
0.805806 1.978681
0.815816 1.999998
0.825826 1.977995
0.835836 1.909378
0.845846 1.793087
0.855856 1.630886
0.865866 1.427870
0.875876 1.192807
0.885886 0.938239
0.895896 0.680222
0.905906 0.437652
0.915916 0.231082
0.925926 0.081040
0.935936 0.005885
0.945946 0.019336
0.955956 0.127919
0.965966 0.328663
0.975976 0.607481
0.985986 0.938704
0.995996 1.286210
1.006006 1.606475
1.016016 1.853622
1.026026 1.986170
1.036036 1.974755
1.046046 1.809590
1.056056 1.506068
1.066066 1.106726
1.076076 0.678030
1.086086 0.301149
1.096096 0.057110
1.106106 0.008367
1.116116 0.180538
1.126126 0.549281
1.136136 1.037550
1.146146 1.527045
1.156156 1.884451
1.166166 1.998344
1.176176 1.817556
1.186186 1.378161
1.196196 0.806228
1.206206 0.288590
1.216216 0.014230
1.226226 0.102006
1.236236 0.541460
1.246246 1.176112
1.256256 1.748100
1.266266 1.999099
1.276276 1.792484
1.286286 1.199703
1.296296 0.495816
1.306306 0.043771
1.316316 0.105982
1.326326 0.677527
1.336336 1.449455
1.346346 1.957293
1.356356 1.860216
1.366366 1.188827
1.376376 0.376418
1.386386 0.000134
1.396396 0.364958
1.406406 1.227352
1.416416 1.918914
1.426426 1.852904
1.436436 1.047714
1.446446 0.189295
1.456456 0.074028
1.466466 0.849415
1.476476 1.784163
1.486486 1.919739
1.496496 1.073930
1.506507 0.137460
1.516517 0.177414
1.526527 1.189663
1.536537 1.979754
1.546547 1.541341
1.556557 0.394422
1.566567 0.052248
1.576577 1.021614
1.586587 1.966791
1.596597 1.492701
1.606607 0.267201
1.616617 0.182134
1.626627 1.414982
1.636637 1.964522
1.646647 0.869247
1.656657 0.000202
1.666667 0.934391
1.676677 1.992096
1.686687 1.159416
1.696697 0.014114
1.706707 0.850713
1.716717 1.994522
1.726727 1.032508
1.736737 0.002248
1.746747 1.193089
1.756757 1.939530
1.766767 0.491827
1.776777 0.265034
1.786787 1.833938
1.796797 1.309192
1.806807 0.000106
1.816817 1.309883
1.826827 1.780789
1.836837 0.125136
1.846847 0.915552
1.856857 1.933166
1.866867 0.247829
1.876877 0.797422
1.886887 1.941557
1.896897 0.202239
1.906907 0.965549
1.916917 1.818841
1.926927 0.038969
1.936937 1.419577
1.946947 1.380781
1.956957 0.075465
1.966967 1.934692
1.976977 0.531021
1.986987 0.805598
1.996997 1.747048
2.007007 0.006650
2.017017 1.896104
2.027027 0.458262
2.037037 1.071256
2.047047 1.382310
2.057057 0.270238
2.067067 1.933969
2.077077 0.000139
2.087087 1.957370
2.097097 0.154554
2.107107 1.700987
2.117117 0.446747
2.127127 1.422517
2.137137 0.678779
2.147147 1.256143
2.157157 0.769466
2.167167 1.245644
2.177177 0.698679
2.187187 1.395569
2.197197 0.476980
2.207207 1.672492
2.217217 0.175901
2.227227 1.947041
2.237237 0.000024
2.247247 1.936619
2.257257 0.280897
2.267267 1.339485
2.277277 1.155334
2.287287 0.352051
2.297297 1.963771
2.307307 0.068868
2.317317 1.485058
2.327327 1.230732
2.337337 0.147538
2.347347 1.959176
2.357357 0.612579
2.367367 0.487394
2.377377 1.998928
2.387387 0.451801
2.397397 0.513802
2.407407 1.997088
2.417417 0.701443
2.427427 0.192211
2.437437 1.786373
2.447447 1.430013
2.457457 0.038036
2.467467 0.837853
2.477477 1.994654
2.487487 1.098715
2.497497 0.011165
2.507508 0.746813
2.517518 1.913695
2.527528 1.595285
2.537538 0.389212
2.547548 0.051868
2.557558 0.932083
2.567568 1.868931
2.577578 1.855399
2.587588 1.023305
2.597598 0.204375
2.607608 0.026900
2.617618 0.506887
2.627628 1.243505
2.637638 1.811168
2.647648 1.999908
2.657658 1.831250
2.667668 1.451410
2.677678 1.018642
2.687688 0.640912
2.697698 0.364241
2.707708 0.188921
2.717718 0.092274
2.727728 0.046684
2.737738 0.030268
2.747748 0.031871
2.757758 0.052888
2.767768 0.107413
2.777778 0.220429
2.787788 0.421876
2.797798 0.733358
2.807808 1.145543
2.817818 1.590730
2.827828 1.927730
2.837838 1.970206
2.847848 1.587087
2.857858 0.857432
2.867868 0.166205
2.877878 0.054255
2.887888 0.751876
2.897898 1.725845
2.907908 1.929095
2.917918 0.979718
2.927928 0.034359
2.937938 0.546931
2.947948 1.824698
2.957958 1.609287
2.967968 0.193030
2.977978 0.494023
2.987988 1.939095
2.997998 1.092036
3.008008 0.030089
3.018018 1.616276
3.028028 1.396980
3.038038 0.014646
3.048048 1.739600
3.058058 0.995138
3.068068 0.325592
3.078078 1.985799
3.088088 0.082693
3.098098 1.618775
3.108108 0.745033
3.118118 0.933740
3.128128 1.299956
3.138138 0.559045
3.148148 1.498455
3.158158 0.520955
3.168168 1.379605
3.178178 0.810473
3.188188 0.903105
3.198198 1.456771
3.208208 0.191373
3.218218 1.997492
3.228228 0.162740
3.238238 1.248442
3.248248 1.550084
3.258258 0.001914
3.268268 1.575124
3.278278 1.480481
3.288288 0.009640
3.298298 1.127762
3.308308 1.955497
3.318318 0.634193
3.328328 0.061548
3.338338 1.231292
3.348348 1.999870
3.358358 1.295285
3.368368 0.244774
3.378378 0.057649
3.388388 0.729502
3.398398 1.548741
3.408408 1.972125
3.418418 1.915305
3.428428 1.571011
3.438438 1.161750
3.448448 0.821990
3.458458 0.595938
3.468468 0.479095
3.478478 0.456803
3.488488 0.525545
3.498498 0.697204
3.508509 0.986519
3.518519 1.378977
3.528529 1.783012
3.538539 1.998686
3.548549 1.778439
3.558559 1.051813
3.568569 0.216943
3.578579 0.075796
3.588589 0.996424
3.598599 1.959353
3.608609 1.439542
3.618619 0.127226
3.628629 0.565013
3.638639 1.962501
3.648649 0.983408
3.658659 0.088774
3.668669 1.813277
3.678679 0.977923
3.688689 0.291706
3.698699 1.995612
3.708709 0.111389
3.718719 1.600824
3.728729 0.689402
3.738739 1.108605
3.748749 0.975838
3.758759 1.062459
3.768769 0.777409
3.778779 1.488808
3.788789 0.203246
3.798799 1.993720
3.808809 0.147926
3.818819 1.228037
3.828829 1.634492
3.838839 0.013119
3.848849 1.232040
3.858859 1.877103
3.868869 0.404691
3.878879 0.199978
3.888889 1.494950
3.898899 1.966410
3.908909 1.130397
3.918919 0.206932
3.928929 0.032959
3.938939 0.489495
3.948949 1.106072
3.958959 1.574599
3.968969 1.831096
3.978979 1.936487
3.988989 1.965050
3.998999 1.952050
4.009009 1.879347
4.019019 1.680770
4.029029 1.278422
4.039039 0.679567
4.049049 0.119511
4.059059 0.078885
4.069069 0.866985
4.079079 1.866709
4.089089 1.693185
4.099099 0.350382
4.109109 0.272291
4.119119 1.814470
4.129129 1.271568
4.139139 0.023583
4.149149 1.757590
4.159159 0.919176
4.169169 0.479883
4.179179 1.853868
4.189189 0.024821
4.199199 1.998645
4.209209 0.000596
4.219219 1.985353
4.229229 0.105424
4.239239 1.612878
4.249249 0.944674
4.259259 0.350997
4.269269 1.998481
4.279279 0.576512
4.289289 0.282246
4.299299 1.809293
4.309309 1.577834
4.319319 0.279297
4.329329 0.118840
4.339339 1.016991
4.349349 1.812477
4.359359 1.989601
4.369369 1.734620
4.379379 1.380095
4.389389 1.121284
4.399399 1.020909
4.409409 1.088518
4.419419 1.319789
4.429429 1.668571
4.439439 1.966115
4.449449 1.883368
4.459459 1.161244
4.469469 0.197160
4.479479 0.191355
4.489489 1.479721
4.499499 1.854106
4.509510 0.304146
4.519520 0.608961
4.529530 1.984687
4.539540 0.198056
4.549550 1.289945
4.559560 1.161604
4.569570 0.575747
4.579580 1.507698
4.589590 0.569852
4.599600 1.172914
4.609610 1.277203
4.619620 0.204314
4.629630 1.984904
4.639640 0.623500
4.649650 0.274507
4.659660 1.810098
4.669670 1.588948
4.679680 0.319526
4.689690 0.066101
4.699700 0.793394
4.709710 1.562332
4.719720 1.935598
4.729730 1.998287
4.739740 1.960015
4.749750 1.951118
4.759760 1.989011
4.769770 1.977232
4.779780 1.715534
4.789790 1.039528
4.799800 0.205994
4.809810 0.124035
4.819820 1.286007
4.829830 1.961531
4.839840 0.548146
4.849850 0.349524
4.859860 1.993905
4.869870 0.361830
4.879880 1.129210
4.889890 1.224545
4.899900 0.633552
4.909910 1.310509
4.919920 0.952759
4.929930 0.582164
4.939940 1.900133
4.949950 0.099478
4.959960 1.008037
4.969970 1.968247
4.979980 0.720537
4.989990 0.004883
5.000000 0.703257
